0
0
0
0
0
0
0
0
0
0
0
0
0
0
0
0
0
0
0
0
0
0
0
0
0
0
0
0
0
0
0
0
0
0
0
0
0
0
0
0
0
0
0
0
0
0
0
0
0
0
0
0
0
0
0
0
0
0
1.46463
0
1.68949
1.64457
1.85783
1.82126
1.73572
1.75631
2.60849
1.62113
1.59886
1.62586
1.19615
1.71381
1.73657
1.18813
1.73804
1.11961
0
0
0
0
0
0
1.8176
1.54403
1.55014
1.17112
1.54542
1.62265
1.57063
1.77616
2.64041
1.73543
1.56781
1.61383
1.56728
1.50473
1.56695
2.54331
1.62811
1.81041
1.78529
0
1.76673
1.56723
1.78272
1.82492
1.59247
1.75127
1.30234
0
1.76794
2.57734
1.79698
0
0
0
0
0
1.77532
0
0
0
0
0
0
0
0
0
0
0
0
0
0
0
0
0
0
0
0
0
0
0
0
0
0
0
0
0
0
0
0
0
0
0
0
0
0
0
0
0
0
0
0
0
0
0
0
0
0
0
0
0
0
0
0
0
0
0
0
0
0
0
0
0
0
0
0
0
0
0
0
0
0
0
0
0
0
0
0
0
0
0
0
0
0
0
0
0
0
0
0
0
0
0
0
0
0
0
0
0
0
0
0
0
0
0
0
0
0
0
0
0
0
0
0
0
0
0
0
0
0
0
0
0
0
0
0
0
0
0
0
0
0
0
0
0
0
0
0
0
0
0
0
0
0
0
0
0
0
0
0
0
0
0
0
0
0
0
0
0
0
0
0
0
0
0
0
0
0
0
0
0
0
0
0
0
0
0
0
0
0
0
0
0
0
0
0
0
0
0
0
0
0
0
0
0
0
0
0
0
0
0
0
0
0
0
0
0
0
0
0
0
0
0
0
0
0
0
0
0
0
0
0
0
0
0
0
0
0
0
0
0
0
0
0
0
0
0
0
0
0
0
0
0
0
0
0
0
0
0
0
0
0
0
0
0
0
0
0
0
0
0
0
0
0
0
0
0
0
0
0
0
0
0
0
0
0
0
0
0
0
0
0
0
0
0
0
0
0
0
0
0
0
0
0
0
0
0
0
0
0
0
0
0
0
0
0
0
0
0
0
0
0
0
0
0
0
0
0
0
0
0
0
0
0
0
0
0
0
0
0
0
0
0
0
0
0
0
0
0
0
0
0
0
0
0
0
0
0
0
0
0
0
0
0
0
0
0
0
0
0
0
0
0
0
0
0
0
0
0
0
0
0
0
0
0
0
0
0
0
0
0
0
0
0
0
0
0
0
0
0
0
0
0
0
0
0
0
0
0
0
0
0
0
0
0
0
1.33902
1.0868
1.35324
1.39467
4.32301
1.42381
1.57398
1.65493
1.56953
1.48241
1.46353
1.32397
1.2209
1.16235
1.28324
2.7434
3.02919
1.16366
3.74482
7.17972
6.31099
6.2181
6.69709
2.97941
2.89194
6.56973
2.60258
2.83222
8.40856
3.9965
3.85012
4.67529
6.57154
5.19529
3.14543
4.98555
4.84472
1.76688
4.36008
7.61298
4.57229
4.72523
4.52421
3.55261
4.48809
3.49982
7.40427
6.97166
5.21154
5.13378
6.32252
3.44603
3.44549
3.9213
2.90405
1.01627
1.27357
1.77966
3.50341
3.55184
3.23984
4.09084
2.91748
2.16841
2.60272
2.5291
3.63804
2.70996
2.90229
2.70393
2.7672
3.1088
4.02483
2.53664
2.9542
3.31936
4.94276
3.10919
5.78528
4.459
4.20694
3.80828
4.08822
3.06045
1.65277
4.67538
1.61186
1.74328
3.53292
5.56259
5.11032
4.51564
1.66673
2.85289
4.45468
1.86722
1.76811
1.77039
1.63481
2.70093
2.68188
2.78481
1.53608
1.81538
1.72103
1.86476
1.7862
2.70811
2.71263
1.8176
2.57717
1.62622
1.78975
1.82636
1.68142
1.88254
2.523
1.75853
0
1.87749
2.72674
1.70003
0
0
0
0
0
0
0
0
0
0
0
0
0
0
0
0
0
0
0
0
0
0
0
0
0
0
0
0
0
0
0
0
0
0
0
0
0
0
0
0
0
0
0
0
0
0
0
0
0
0
0
0
0
0
0
0
0
0
0
0
0
0
0
0
0
0
0
0
0
0
0
0
0
0
0
0
0
0
0
0
0
0
0
0
0
0
0
0
0
0
0
0
0
0
0
0
0
0
0
0
0
0
0
0
0
0
0
0
0
0
0
0
0
0
0
0
0
0
0
0
0
0
0
0
0
0
0
0
0
0
0
0
0
0
0
0
0
0
0
0
0
0
0
0
0
0
0
0
0
0
0
0
0
0
0
0
0
0
0
0
0
0
0
0
0
0
0
0
0
0
0
0
0
0
0
0
0
0
0
0
0
0
0
0
0
0
0
0
0
0
0
0
0
0
0
0
0
0
0
0
0
0
0
0
0
0
0
0
0
0
0
0
0
0
0
0
0
0
0
0
0
0
0
0
0
0
0
0
0
0
0
0
0
0
0
0
0
0
0
0
0
0
0
0
0
0
0
0
0
0
0
0
0
0
0
0
0
0
0
0
0
0
0
0
0
0
0
0
0
0
0
0
0
0
0
0
0
0
0
0
0
0
0
0
0
0
0
0
0
0
0
0
0
0
0
0
0
0
0
0
0
0
0
0
0
0
0
0
0
0
0
0
0
0
0
0
0
0
0
0
0
0
0
0
0
0
0
0
0
0
0
0
0
0
0
0
0
0
0
0
0
0
0
0
0
0
0
0
0
0
0
0
0
0
0
0
0
0
0
0
0
0
0
0
0
0
0
0
0
0
0
0
0
0
0
0
0
0
0
0
0
0
0
2.74783
2.74624
1.37259
3.74218
1.54511
1.2404
1.5092
1.63236
2.72558
2.53978
3.8097
3.68502
3.69384
2.7346
2.93089
3.02456
3.44444
1.55676
1.72378
4.33262
1.74434
1.60809
1.6955
1.64619
1.62457
1.69349
1.71076
2.94312
4.198
4.08558
3.24028
5.09763
4.33741
1.55535
2.44101
1.35287
2.56366
2.60519
2.67058
1.61782
2.46355
2.48428
2.51256
2.46923
3.93649
1.53155
4.34263
1.57193
1.04287
0.980702
1.52264
1.05838
4.13066
4.02768
1.80465
3.23469
4.0417
3.01765
3.61982
3.25023
3.54161
3.63354
4.8955
1.23718
3.20389
3.1681
3.24925
1.29734
1.12626
1.36301
3.72611
1.27554
2.24218
1.17515
1.11238
1.52907
3.04662
3.81277
3.79894
4.3881
3.25189
4.46583
4.49726
5.25057
7.81904
10.0426
10.042
11.6246
9.11925
2.86853
5.42227
4.27191
7.68459
5.03825
5.13866
2.821
5.86401
5.2648
4.41449
2.99472
3.0822
3.44507
3.37127
1.37094
1.4598
1.47521
0
0
0
1.20161
1.4375
1.70544
1.98674
1.83242
1.8945
2.91413
1.87306
1.89445
1.85269
1.92977
1.86766
1.8761
0
0
0
0
0
0
0
0
1.02844
0
2.25835
0
0
0
0
0
0
0
0
0
0
0
0
0
0
0
0
0
0
0
0
0
0
0
0
0
0
0
0
0
0
0
0
0
0
0
0
0
0
0
0
0
0
0
0
0
0
0
0
0
0
0
0
0
0
0
0
0
0
0
0
0
0
0
0
0
0
0
0
0
0
0
0
0
0
0
0
0
0
0
0
0
0
0
0
0
0
0
0
0
0
0
0
0
0
0
0
0
0
0
0
0
0
0
0
0
0
0
0
0
0
0
0
0
0
0
0
0
0
0
0
0
0
0
0
0
0
0
0
0
0
0
0
0
0
0
2.63284
1.30063
3.45992
3.08564
3.105
2.85064
8.98001
2.69341
1.35584
1.79619
1.19979
0
2.81402
2.68861
0
3.62653
1.55086
1.4775
2.54695
1.15083
0.98832
0.95023
1.34377
1.56285
2.43014
1.80236
1.7721
1.4342
1.02954
0.755254
2.54657
3.12816
1.61455
1.0698
1.48195
1.7014
1.70277
2.4136
1.39018
1.79925
1.75577
2.59257
1.8299
1.21218
1.31003
1.51963
1.46367
2.6034
1.69834
1.55629
1.88453
1.6367
1.40419
1.88292
1.83683
1.93126
1.72476
1.6482
1.683
2.60388
3.31802
4.22968
1.71116
3.25005
1.3007
3.93939
1.31623
1.37318
1.69273
1.74478
1.32238
1.41147
1.44835
1.59639
2.59586
1.45223
1.54304
1.5539
1.53608
2.60528
1.83241
1.86484
1.85911
1.87492
1.59386
3.08283
5.1577
1.51624
1.30685
1.19172
2.30358
1.544
2.57777
1.51741
1.68096
1.41811
1.81185
1.65264
1.59638
1.87984
1.31151
1.42214
1.29389
1.72005
1.80128
1.53761
1.8615
1.42417
1.33649
1.82321
1.30973
1.55141
1.85005
1.85036
1.94125
1.85309
1.92368
1.95447
2.96266
1.77271
1.5365
1.78565
2.77892
1.68251
1.7124
1.53633
2.50162
2.78129
3.30686
1.77262
4.74874
4.30254
3.19623
4.03762
1.80322
1.62233
1.85399
5.18665
2.81171
1.79373
0
2.68548
1.91399
1.95728
2.13647
0
0
0
0
0
0
1.25033
1.51174
1.41634
0
0
0
0
0
0
0
0
0
0
0
0
0
0
0
0
0
0
0
0
0
0
0
0
1.52669
0
0
0
0
0
1.59519
1.07598
1.71122
1.70237
1.86339
1.71055
1.70219
1.49627
1.61698
2.87691
1.61901
2.68408
1.92463
1.72532
1.7746
1.84769
1.72239
1.85919
1.76106
1.77775
1.41637
0
0
1.25565
1.2841
1.08926
1.04402
1.25343
1.07115
1.52381
1.44688
1.64607
1.66952
1.62173
1.72405
1.92873
1.53956
1.99665
2.01461
0.956474
0.933182
0.958429
0.884071
1.41951
2.58755
0
0
0
0
0
2.69773
0
0
0
6.9501
6.35995
4.66555
6.67712
3.12048
4.67466
6.31749
3.6997
4.44279
7.87657
5.76301
2.35824
2.19936
4.27111
2.15174
4.96937
4.42883
2.04725
2.21227
2.48626
6.6018
2.04909
2.17292
2.89544
3.32303
2.8639
3.08012
3.08754
1.77547
4.56483
3.21767
3.03555
3.29554
4.44909
3.45248
3.59202
2.94522
3.01167
3.15236
3.28684
4.67641
2.48947
1.53589
1.49977
3.05895
1.25823
1.45551
1.78819
1.80356
1.86256
1.55567
1.71489
1.70968
1.26424
2.95534
3.25928
1.80578
3.9553
3.29892
4.66609
4.8505
5.67893
2.54987
3.45712
3.03391
1.46535
1.52393
0
0
0
0
1.674
1.19123
2.29379
1.07919
1.5649
0.960404
2.18517
2.24183
1.41343
4.71799
1.45245
2.37691
2.86582
1.44925
1.13946
3.25149
1.70289
1.62456
1.41861
1.53306
1.78423
1.66409
1.70792
2.38993
1.23615
1.79973
1.58382
0
0
0
0
0
0
0
0
0
0
0
0
0
0
0
0
0
0
0
0
0
0
0
0
0
0
0
0
0
0
0
0
0
0
0
0
0
0
0
0
0
0
0
0
0
0
0
0
0
0
0
0
0
0
0
0
0
0
0
0
0
0
0
0
0
0
0
0
0
0
0
0
0
0
0
0
0
0
0
0
0
0
0
0
0
0
0
0
0
0
0
0
0
0
0
0
0
0
0
0
0
0
0
0
0
0
0
0
0
0
0
0
0
0
0
0
0
0
0
0
0
0
0
0
0
0
0
0
0
0
0
0
0
0
0
0
0
0
0
0
0
0
0
0
0
0
0
0
0
0
0
0
0
0
0
0
0
0
0
0
0
0
0
0
0
0
0
0
0
0
0
0
0
0
0
0
0
0
0
0
0
0
0
0
0
0
0
0
0
0
0
0
0
0
0
0
0
0
0
0
0
0
0
0
0
0
0
0
0
0
0
0
0
0
0
0
0
0
0
0
0
0
0
0
0
0
0
0
0
0
0
0
0
0
0
0
0
0
0
0
0
0
0
0
0
0
0
0
0
0
0
0
0
0
0
0
0
0
0
0
0
0
0
0
0
0
0
0
0
0
0
0
0
0
0
0
0
0
0
0
0
0
0
0
0
0
0
0
0
0
0
0
0
0
0
0
0
0
0
0
0
0
0
0
0
0
0
0
0
0
0
0
0
0
0
0
0
0
0
0
0
0
0
0
0
0
0
0
0
0
0
0
0
0
0
0
0
0
0
0
0
0
0
0
0
0
0
0
0
0
0
0
0
0
0
0
0
0
0
0
0
0
0
0
0
0
0
0
0
0
0
0
0
0
0
0
0
0
0
0
0
0
0
0
0
0
0
0
0
0
0
0
0
0
0
0
0
0
0
0
0
0
0
0
0
0
0
0
0
0
0
0
0
0
0
0
0
0
0
0
0
0
0
0
0
0
0
0
0
0
0
0
0
0
0
0
0
1.87237
1.6021
1.62308
1.88657
1.85148
1.63616
1.71124
0
1.75767
1.7928
1.52553
1.61919
1.62598
1.69432
1.7447
3.59958
1.66241
1.76097
1.24493
1.36238
1.47004
1.28405
1.50393
1.88354
1.687
2.67123
0.836195
1.4389
4.17398
1.43225
1.69124
2.30126
1.25767
1.75603
1.39342
1.66966
1.6672
1.68401
1.58979
1.71584
1.79363
1.64621
2.67094
1.64575
1.85407
2.82149
1.76997
1.84019
3.72875
1.81808
2.79428
1.78981
2.86234
1.89276
1.86354
2.75593
1.73303
1.97674
1.90575
2.77349
1.72053
2.7655
3.00727
3.01419
2.71919
1.95718
1.88639
1.6833
1.74327
1.64607
2.60543
1.75088
2.47622
2.67998
0
1.91156
1.71225
0
0
0
1.47711
1.84101
2.8789
1.83497
2.6003
1.81234
2.73434
1.93254
1.94411
1.94565
1.9907
1.95072
1.97848
1.80448
1.9466
1.87177
2.84573
1.73598
1.71389
1.68343
1.56725
1.66799
1.77938
1.84211
1.75645
1.64657
1.66606
1.71478
1.63691
2.63215
2.71184
2.67817
1.68788
2.56089
1.70016
1.80539
1.79292
1.7256
1.78263
1.51567
1.02378
1.58109
0
0
0
0
0
0
0
0
0
0
0
0
0
0
0
0
0
0
0
0
0
0
0
0
0
0
0
0
0
0
0
0
0
0
0
0
0
0
0
0
0
0
0
0
0
0
0
0
0
0
0
0
0
0
0
0
0
0
0
0
0
0
0
0
0
0
0
0
0
0
0
0
0
0
0
0
0
0
0
0
0
0
0
0
0
0
0
0
0
0
0
0
0
0
0
0
0
0
0
0
0
0
0
0
0
0
0
0
0
0
0
0
0
0
0
0
0
0
0
0
0
0
0
0
0
1.39413
1.19717
1.74517
1.98353
1.70979
1.29781
0
0
1.02457
1.88586
1.05655
3.58284
3.54166
3.36997
1.33436
1.72709
1.65054
1.49262
2.9268
3.8211
1.43133
1.68027
1.32602
1.45603
1.44392
1.66338
1.3427
1.29924
2.73296
3.39997
4.22402
0
0
0
0
0
1.83758
1.92582
0
1.63559
0
0
0
1.82367
0
1.4834
0
0
0
0
1.69511
2.82231
1.51808
2.27185
1.35244
1.28056
1.39426
1.7044
0
1.85259
1.53269
0
0
0
0
0
0
0
0
1.87217
1.35284
2.54843
1.02345
1.00545
1.07064
1.17253
1.65798
1.03784
1.34359
1.29399
1.30091
1.25425
1.57292
1.62251
1.67462
1.88161
3.10756
3.09995
1.00397
1.00989
1.58679
1.04296
1.44641
0.856812
0
0
0
0
0
0
0
0
0
0
0
0
0
0
0
0
0
0
0
0
0
1.82715
1.68637
0
1.29203
0
1.75844
1.64145
1.62107
1.6248
1.57739
1.5653
2.6635
1.6692
1.81741
1.78094
1.55054
1.34088
1.02426
1.68931
0
1.79554
1.82957
0
1.40477
1.39324
0
1.54546
1.3162
1.44136
2.44385
1.44185
1.35332
1.13371
0
2.47593
1.40849
1.44524
1.37295
2.38065
0
1.83351
1.73261
1.41639
1.79152
1.78258
1.83848
1.95466
1.7805
1.68322
0
0
0
1.678
1.79591
1.83263
1.71596
2.6966
1.76139
1.8471
1.85063
1.83796
1.59355
1.43084
0
1.62971
0
0
0
0
1.2962
0
0
1.82378
0
0
0
0
0
0
