0
0
0
0
0
0
0
0
0
0
0
0
0
0
0
0
0
0
0
0
0
0
0
0
0
0
0
0
0
0
0
0
0
0
0
0
1.10794
0
0
0
0
1.85816
2.6987
2.79665
1.98746
2.94333
1.98682
2.94513
1.91189
2.89048
1.85159
2.91999
1.93494
1.89886
1.9307
0
0
0
1.41463
0
0
0
0
0
0
0
0
0
0
0
1.61745
0
0
0
0
0
0
0
0
0
0
0
0
0
0
0
0
0
0
0
0
0
0
0
0
0
0
0
0
0
0
0
0
0
0
0
0
0
0
0
0
0
0
0
0
0
0
0
0
0
0
0
0
0
0
0
0
0
0
0
0
0
0
0
0
0
0
0
0
0
0
0
0
0
0
0
0
0
0
0
0
0
0
0
0
0
0
0
0
0
0
0
0
0
0
0
0
0
0
0
0
0
0
0
0
0
0
0
0
0
0
0
0
0
0
0
0
0
0
0
0
0
0
0
0
0
0
0
0
0
0
0
0
0
0
0
0
0
0
0
0
0
0
0
0
0
0
0
0
0
0
0
0
0
0
0
0
0
0
0
0
0
0
0
0
0
0
0
0
0
0
0
0
0
0
0
0
0
0
0
0
0
0
0
0
0
0
0
0
0
0
0
0
0
0
0
0
0
0
0
0
0
0
0
0
0
0
0
0
0
0
0
0
0
0
0
0
0
0
0
0
0
0
0
0
0
0
0
0
0
0
0
0
0
0
0
0
0
0
0
0
0
0
0
0
0
0
0
0
0
0
0
0
0
0
0
0
0
0
0
0
0
0
0
0
0
0
0
0
0
0
0
0
0
0
0
0
0
0
0
0
0
0
0
0
0
0
0
0
0
0
0
0
0
0
0
0
0
0
0
0
0
0
0
0
0
0
0
0
0
0
0
0
0
0
0
0
0
0
0
0
0
0
0
0
0
0
0
0
0
0
0
0
0
0
0
0
0
0
0
0
0
0
0
0
0
0
0
0
0
0
0
0
0
0
0
0
0
0
0
0
0
0
0
0
0
0
0
0
0
0
0
0
0
0
0
0
0
0
0
0
0
0
0
0
0
0
0
0
0
0
0
0
0
0
0
0
0
0
0
0
0
0
0
0
0
0
0
0
0
0
0
0
0
0
0
0
0
0
0
0
0
0
0
0
0
0
0
0
0
0
0
0
0
0
0
0
0
0
0
1.75072
1.84547
1.83615
1.70794
1.50913
1.82497
1.17719
1.494
1.48189
1.51091
1.44183
1.32926
1.50741
1.44503
1.53617
1.49627
1.42979
1.33045
1.4133
1.39332
1.51869
1.62317
1.55581
1.51932
1.588
1.79458
0
0
0
2.85649
0
0
0
0
0
0
0
0
0
1.70294
1.34105
1.38395
1.86616
0
1.75765
0
0
0
0
0
0
0
2.58165
1.78995
0
0
0
1.75664
1.81954
1.85808
0
4.64881
3.51947
4.66067
1.84967
2.61391
2.90975
0
0
1.83788
0
0
2.98147
0
0
0
0
0
0
0
0
0
2.74607
1.84531
0
0
0
0
0
0
0
0
0
0
0
0
0
0
0
0
0
0
0
0
0
0
0
0
0
0
0
0
0
0
0
0
0
0
0
0
0
0
0
0
0
0
0
0
0
0
0
0
0
0
0
0
0
0
0
0
0
0
0
0
0
0
0
0
0
0
0
0
0
0
0
0
0
0
0
0
0
0
0
0
0
0
0
0
0
0
0
0
0
0
0
0
0
0
0
0
0
0
0
0
0
0
0
0
0
0
0
0
0
0
0
0
0
0
0
0
0
0
0
0
0
0
0
0
0
0
0
0
0
0
0
0
0
0
0
0
0
0
0
0
0
0
0
0
0
0
0
0
0
0
0
0
0
0
0
0
0
0
0
0
0
0
0
0
0
0
0
0
0
0
0
0
0
0
0
0
0
0
0
0
0
0
0
0
0
0
0
0
0
0
0
0
0
0
0
0
0
0
0
0
0
0
0
0
0
0
0
0
0
0
0
0
0
0
0
0
0
0
0
0
0
0
0
0
0
0
0
0
0
0
0
0
0
0
0
0
0
0
0
0
0
0
0
0
0
0
0
0
0
0
0
0
0
0
0
0
0
0
0
0
0
0
0
0
0
0
0
0
0
0
0
0
0
0
0
0
0
0
0
0
0
0
0
0
0
0
0
0
0
0
0
0
0
0
0
0
0
0
0
0
0
0
0
0
0
0
0
0
0
0
0
0
0
0
0
0
0
0
0
0
0
0
0
0
0
0
0
0
0
0
0
0
0
0
0
0
0
0
0
0
0
0
0
0
0
0
0
0
0
0
0
0
0
0
0
0
0
0
0
0
0
0
0
0
0
0
0
0
0
0
0
0
0
0
0
0
0
0
0
0
0
0
0
0
0
0
0
0
0
0
0
0
0
0
0
0
0
0
0
0
0
0
0
0
0
0
0
0
0
0
0
0
0
0
0
1.35449
1.43538
1.48156
1.57375
1.37745
0
0
0
0
1.79003
2.01566
2.04261
0
0
0
1.9462
1.97132
1.96052
2.04882
3.11192
2.90923
0
0
0
0
0
0
0
0
0
0
0
0
0
0
0
0
0
0
0
0
1.90883
0
0
0
0
0
1.90896
1.99208
2.06446
1.99036
2.09642
3.01711
1.97506
1.941
1.86277
1.94527
2.05597
2.82182
2.73173
3.00974
1.80148
0
2.99214
1.78928
1.99948
1.86849
1.82301
2.74994
1.85154
1.84976
2.01167
3.63023
4.76782
3.55721
1.65125
3.24439
1.86098
3.48922
3.89063
3.32708
2.03287
3.49164
2.01169
1.45368
1.72247
1.91839
1.62742
1.53159
1.63182
2.76328
1.54607
1.53759
2.59878
2.3533
2.51451
2.60708
2.56648
1.08429
1.10707
1.49534
1.59
1.79332
2.73013
1.72711
2.00193
1.807
2.73315
1.81256
2.05688
0
0
0
2.28352
0
0
0
0
0
0
0
0
0
0
0
0
0
0
0
0
0
0
0
0
0
0
0
0
0
0
0
0
0
0
0
0
0
0
0
0
0
0
0
0
0
0
0
0
0
0
0
0
0
0
0
0
0
0
0
0
0
0
0
0
0
0
0
0
0
0
0
0
0
0
0
0
0
0
0
0
0
0
0
0
0
0
0
0
0
0
0
0
0
0
0
0
0
0
0
0
0
0
0
0
0
0
0
0
0
0
0
0
0
0
0
0
0
0
0
0
0
0
0
0
0
0
0
0
0
0
0
0
0
0
0
0
0
0
0
0
0
0
0
0
0
0
0
0
0
0
0
0
0
0
0
0
0
0
0
0
0
0
0
0
0
0
0
0
0
0
1.47869
1.76139
0
1.62137
4.20836
1.58523
1.49777
3.04947
1.39905
2.48879
0.930437
0.930135
1.96764
1.01766
1.27596
0
0
1.24976
0
0
0
0
1.1455
0
0
1.67423
1.58535
1.52103
1.88536
1.97811
1.97811
2.97052
2.84834
2.84834
2.97085
2.89809
2.9525
2.95903
2.95718
2.89724
0
0
0
0
0
0
0
0
0
0
0
0
0
0
0
1.48317
1.88348
2.66612
2.66612
1.49118
1.97104
1.85474
1.64101
1.73658
0
1.74902
2.05855
3.04533
1.94057
1.9002
2.90188
1.81306
2.88071
1.9082
2.81988
0
2.95627
0
0
0
0
0
0
0
0
0
3.1327
3.05629
0
0
0
0
0
0
0
1.89985
0
0
0
0
0
0
0
0
0
0
0
0
0
0
0
0
0
0
0
0
0
0
0
0
0
0
0
0
0
0
0
0
0
0
0
0
0
0
0
0
0
0
0
0
0
0
0
0
0
0
0
0
0
0
0
0
0
0
0
0
0
0
0
0
0
0
0
0
0
0
0
0
0
0
0
0
0
0
0
0
0
0
0
0
0
0
0
0
0
0
0
0
0
0
0
0
0
0
0
0
0
2.7835
1.32179
1.48606
1.49064
0
0
0
0
0
0
0
0
0
0
0
0
0
0
0
0
0
0
0
0
0
0
0
0
0
0
0
0
0
0
0
0
0
0
0
0
0
0
0
0
0
0
0
0
0
0
0
2.7739
1.89327
1.88121
2.45893
1.37628
1.67616
1.34671
1.35657
0
1.2355
1.18124
1.71392
0
0
0
0
0
0
2.87269
2.84084
0
0
1.73387
2.87458
1.99927
2.01227
2.74127
2.95561
1.56453
2.99181
1.85715
2.75547
1.99246
2.02163
2.91226
2.90401
1.96167
2.81023
1.92753
1.83798
1.78146
1.87057
1.60311
1.56469
1.81016
2.04736
3.07459
2.06976
2.07269
1.96908
2.88647
3.06822
3.10587
2.92194
2.92194
1.97009
2.95391
0
0
0
0
0
0
0
2.97949
2.80047
2.69401
0
1.83702
2.03386
2.05828
2.09605
2.10051
1.94744
1.94744
1.92694
0
1.90772
1.92694
1.74583
1.74583
2.85446
0
0
1.68594
1.69833
0
0
0
0
0
0
0
0
0
0
0
0
0
0
0
0
0
0
0
0
0
0
0
0
0
0
0
0
0
0
0
0
0
0
0
0
0
0
0
0
0
0
0
0
0
0
0
0
0
0
0
0
0
0
0
0
0
0
0
0
0
0
0
0
0
0
0
0
0
0
0
0
0
0
0
0
0
0
0
0
0
0
0
0
0
0
0
0
0
0
0
0
0
0
0
0
0
0
0
0
0
0
0
0
0
0
0
0
0
0
0
0
0
0
0
0
0
0
0
0
0
0
0
0
0
0
0
0
0
0
0
0
0
0
0
0
0
0
0
0
0
0
0
0
0
0
0
0
0
0
0
0
0
0
0
0
0
0
0
0
0
0
0
0
0
0
0
0
0
0
0
0
0
0
0
0
0
0
0
0
0
0
0
0
0
0
0
0
0
0
0
0
0
0
0
0
0
0
0
0
0
0
0
0
0
0
0
0
0
0
0
0
0
0
0
0
0
0
0
0
0
0
0
0
0
0
0
0
0
0
0
0
0
0
0
0
0
0
0
0
0
0
0
0
0
0
0
0
0
0
0
0
0
0
0
0
0
0
0
0
0
0
0
0
0
0
0
0
0
0
0
0
0
0
0
0
0
0
0
0
0
0
0
0
0
0
0
0
0
0
0
0
0
0
0
0
0
0
0
0
0
0
0
0
0
0
0
0
0
0
0
0
0
0
0
0
0
0
0
0
0
0
0
0
0
0
0
0
0
0
0
0
0
0
0
0
0
0
0
0
0
0
0
0
0
0
0
0
0
0
0
0
0
0
0
0
0
0
0
0
0
0
0
0
0
0
0
0
0
0
0
0
0
0
0
0
0
0
0
0
0
0
0
0
0
0
0
0
0
0
0
0
0
0
0
0
0
0
0
0
0
0
0
0
0
0
0
0
0
0
0
0
0
0
0
0
0
0
0
0
0
0
0
0
0
0
0
0
0
0
0
0
1.91172
1.78864
2.91203
1.99781
1.97082
1.9882
1.85063
2.95792
2.82446
1.82334
1.75927
2.84742
0
2.87548
1.84694
2.79226
0
0
2.84528
0
0
0
0
0
0
0
0
2.8248
2.89625
0
0
0
0
0
0
0
0
0
0
0
0
0
0
0
0
0
0
0
0
0
0
0
0
0
0
0
0
0
0
0
0
0
0
0
0
0
0
0
0
0
0
0
0
0
0
0
0
0
0
0
0
0
0
0
0
0
0
0
0
0
0
0
0
0
0
0
0
0
0
0
0
0
0
0
0
0
0
0
0
0
0
0
0
0
0
0
0
0
0
0
0
0
0
0
0
0
0
0
0
0
0
0
0
0
0
0
0
0
0
0
0
0
0
0
0
0
0
0
0
0
0
0
0
0
0
0
0
0
0
0
0
0
0
0
0
0
0
0
0
0
0
0
0
0
0
0
0
0
0
0
0
0
0
0
0
0
0
0
0
0
0
0
0
0
0
0
0
0
0
0
0
0
0
0
0
0
0
0
0
0
0
0
0
0
0
0
0
0
0
0
0
0
0
0
0
0
0
0
0
0
0
0
0
0
0
0
0
0
0
0
0
0
0
1.5662
0
0
0
0
1.51735
1.21298
1.71184
2.81836
2.80802
2.29655
2.30027
1.4293
1.57306
1.38732
0
0
0
0
0
0
0
1.60535
1.52291
0
1.66961
0
2.98203
2.73899
2.87433
0
0
0
0
2.0962
1.66507
0
0
1.40377
0
0
0
0
0
0
0
0
0
0
0
0
0
0
0
0
0
0
0
0
0
2.63588
1.7778
2.88113
0
1.17238
0
0
0
0
0
0
0
1.84086
0
0
0
0
0
2.76042
1.81969
1.6481
1.6636
1.91872
1.92408
1.92821
1.86537
1.80268
1.61563
1.67185
1.83454
1.62817
1.77272
1.66776
1.80776
1.69886
1.50783
1.89578
1.90779
0
1.98257
0
0
0
0
2.30837
0
0
2.1976
0
0
0
0
0
0
0
0
1.6272
2.82456
1.89289
1.79462
2.9107
1.73225
2.34784
0
0
2.88855
0
0
0
0
0
0
0
0
0
0
0
0
0
0
0
0
0
0
2.46195
1.45777
0
1.89007
1.67105
1.84228
2.86781
3.033
0
1.84032
1.81405
1.90771
1.79965
1.77079
1.7897
2.1126
1.83378
2.63793
2.55841
0
1.84839
2.75242
0
0
0
0
0
0
0
0
0
0
0
0
0
2.97734
2.71849
0
2.95457
2.79964
0
0
0
0
0
0
0
0
0
0
0
0
0
0
0
0
0
0
0
0
0
0
0
0
0
0
0
0
0
0
0
0
