0
0
0
0
0
0
0
0
0
0
0
0
0
0
0
0
0
0
0
0
0
0
0
0
0
0
0
0
0
0
0
0
0
0
0
0
0
0
0
0
0
0
0
0
0
0
0
0
0
0
0
0
0
0
0
0
0
0
0
0
0
0
0
0
0
0
0
0
0
0
0
0
0
0
0
0
0
0
0
0
0
0
0
0
0
0
0
0
0
0
0
0
0
0
0
0
0
0
0
0
0
0
0
0
0
0
0
0
0
0
0
0
0
0
0
0
0
0
0
0
0
0
0
0
0
0
0
0
0
0
0
0
0
0
0
0
0
0
0
0
0
0
0
0
0
0
0
0
0
0
0
0
0
0
0
0
0
0
0
0
0
0
0
0
0
0
0
0
0
0
0
0
0
0
0
0
0
0
0
0
0
0
0
0
0
0
0
0
0
0
0
0
0
0
0
0
0
0
0
0
0
0
0
0
0
0
0
0
0
0
0
0
0
0
0
0
0
0
0
0
0
0
0
0
0
0
0
0
0
0
0
0
0
0
0
0
0
0
0
0
0
0
0
0
0
0
0
0
0
0
0
0
0
0
0
0
0
0
0
0
0
0
0
0
0
0
0
0
0
0
0
0
0
0
0
0
0
0
0
0
0
0
0
0
0
0
0
0
0
0
0
0
0
0
0
0
0
0
0
0
0
0
0
0
0
0
0
0
0
0
0
0
0
0
0
0
0
0
0
0
0
0
0
0
0
0
0
0
0
0
0
0
0
0
0
0
0
0
0
0
0
0
0
0
0
0
0
0
0
0
0
0
0
0
0
0
0
0
0
0
0
0
0
0
0
0
0
0
0
0
0
0
0
0
0
0
0
0
0
0
0
0
0
0
0
0
0
0
0
0
0
0
0
0
0
0
0
0
0
0
0
0
0
0
0
0
0
0
0
0
0
0
0
0
0
0
0
0
0
0
0
0
0
0
0
0
0
0
0
0
0
0
0
0
0
0
0
0
0
0
0
0
0
0
0
0
0
0
0
0
0
0
0
0
0
0
0
0
0
0
0
0
0
0
0
0
0
0
0
0
0
0
0
0
0
0
0
0
0
0
0
0
0
0
0
0
0
0
0
0
0
0
0
0
0
0
0
0
0
0
0
0
0
0
0
0
0
0
0
0
0
0
0
0
0
0
0
0
0
0
0
0
0
0
0
0
0
0
0
0
0
0
0
0
0
0
0
0
0
0
0
0
0
0
0
0
0
0
0
0
0
0
0
0
0
0
0
0
0
0
0
0
0
0
0
0
0
0
0
0
0
0
0
0
0
0
0
0
0
0
0
0
0
0
0
0
0
0
0
0
0
0
0
0
0
0
0
0
0
0
0
0
0
0
0
0
0
0
0
0
0
0
0
0
0
0
0
0
0
0
0
0
0
0
0
0
0
0
0
0
0
0
0
0
0
0
0
0
0
0
1.87341
0
0
0
0
0
0
0
0
1.22469
0
0
0
0
0
0
0
0
0
1.48841
0
0
0
0
0
0
0
0
0
0
0
0
0
0
0
0
0
0
2.75973
0
0
1.62126
4.72368
1.93066
0
0.966726
1.36659
1.42638
0
2.91857
0
0
0
0
0
1.50835
2.67744
0
0
1.32817
1.26173
0
1.37322
1.41753
0
0
1.79699
0
0
1.73086
4.16859
2.80308
0
0
0
2.55248
1.42664
1.51822
0
0
0
0
0
0
0
0
0
0
0
0
0
0
0
0
0
0
0
1.79599
0
1.35008
0
0
0
0
0
1.36911
0
1.88699
1.62379
1.63527
0
0
0
0
0
0
0
0
0
0
0
0
0
0
0
2.7283
0
0
3.03072
0
0
0
0
0
0
0
0
1.07128
2.61509
2.6908
1.91161
1.91864
0.829963
0
0
0
0
0
0
0
0
0
0
0
0
0
0
0
0
1.46409
0
1.23224
2.41352
1.61179
0
0
0
0
0
0
0
0
0
0
0
0
0
0
0
0
0
0
0
0
0
0
0
0
0
0
0
0
0
0
0
0
0
0
0
0
0
0
0
0
0
0
0
0
0
0
0
0
1.37985
0
0
0
0
0
0
0
0
0
0
0
0
0
0
0
0
0
0
0
0
0
0
0
0
0
0
0
0
0
0
2.65846
2.32937
2.50046
0
0
0
0
0
0
0
0
0
0
0
0
0
0
0
0
0
0
0
0
0
0
0
0
0
0
0
0
0
0
0
0
0
0
0
0
0
0
0
0
0
0
0
0
0
0
0
0
0
0
0
0.996021
0
0
0
0
0
0
0
0
0
2.06048
0
0
0
0
2.39781
0
0
0
1.17124
0
1.70957
0.909841
3.50922
0
0
0
0
1.65358
1.72727
1.50374
1.4014
1.36491
1.63326
1.33198
1.33646
1.69732
4.18633
4.18181
3.29104
3.28389
1.67711
3.48138
3.2401
3.53694
5.20885
3.71443
5.76241
5.86974
3.41591
1.88155
1.93575
3.03981
3.70114
3.61848
3.34306
3.59494
3.28242
3.35049
3.18243
3.39111
3.40145
4.41274
0
0
0
0
0
0
0
0
0
0
0
0
2.98284
1.80492
0
7.26951
7.2271
6.2321
6.28096
3.75436
1.91761
0
1.88837
0
3.66396
1.65167
0
0
2.98859
2.97901
2.94652
4.03395
1.98867
2.94489
2.93723
1.90688
0
0
0
2.89728
0
1.68946
1.75165
1.9964
1.82542
0
0
0
0
0
1.29746
1.61937
1.53163
1.71139
1.85693
0
1.48051
0
1.43114
1.41659
0
0
0
0
0
0
0
0
0
0
0
0
0
0
0
0
0
0
1.29697
1.38604
1.93837
1.95308
1.67104
1.88495
0
3.50941
3.68274
3.21129
1.5255
0
1.64497
1.32025
1.56613
1.40087
1.48066
1.67804
1.5693
2.4946
0
1.48162
2.85872
2.85181
1.76931
1.6408
0
0
1.16888
0
0
2.65764
0
1.68309
0
0
0
0
1.61449
1.82963
0
0
0
1.87315
0
2.74659
1.79126
4.1606
0
0
0
0
2.58247
0
0
2.57938
0
0
0
0
0
0
0
0
0
1.83251
0
2.58951
0
0
0
2.73395
0
0
0
2.44188
1.30375
1.30771
0
0
0
0
0
0
0
2.73286
0
0
1.59278
0
1.80795
0
1.65852
0
1.70842
2.90596
1.52954
2.67401
0
0
1.34267
0
1.52843
0
0
0
0
0
0
0
2.66984
2.79428
0
0.826526
0.907748
0.832237
0.768231
0.717451
2.83884
0
1.72503
0.610511
0
0.684145
0.79814
3.44125
0.770662
1.8365
1.73449
3.02988
1.79761
3.044
3.02623
2.89882
2.02805
0
0
0
0
0
0
0
0
1.51322
1.32179
1.30404
1.53135
2.95423
3.52932
3.59015
3.52371
1.64093
1.37211
1.17748
0
0
0
0
0
0
1.74299
1.69496
1.52318
1.37349
1.20372
1.25372
3.57137
1.81208
1.81683
1.34432
1.17584
1.03461
0
0
0
1.57393
2.80009
1.54358
1.68175
1.01389
0
0
0
0
0
0
1.2906
1.25474
1.57327
1.79715
0
0
0
1.80442
4.3287
2.02962
1.70938
1.86717
2.75687
1.51103
0
2.34272
0
1.34168
1.70004
2.57566
2.61386
2.00292
0
2.52895
1.20744
0
1.90494
3.03732
3.02542
1.62728
0
0
0
0
0
2.81777
1.84011
0
0
0
1.70619
0
2.65859
2.58532
2.65027
2.75049
0
0
0
0
0
0
0
0
1.61693
1.83399
1.79593
0
2.2639
0
0
0
0
0
0
0
0
2.83971
1.7422
1.63093
1.89974
1.84753
1.85784
1.92923
1.75214
1.86402
1.82218
0
0
0
0
0
0
0
0
0
0
0
0
2.34916
1.53783
0
0
1.85506
0
0
0
0
0
0
0
1.61544
4.40454
1.97689
3.52756
1.83438
1.82218
1.83039
1.88199
1.77163
1.83224
2.97329
0
0
1.84468
1.9891
2.91083
1.81648
1.87763
2.01222
1.90935
1.93603
1.70672
1.70329
2.74988
0
1.53621
0
0
0
0
1.87448
1.91591
2.88991
2.89008
2.93684
2.84445
2.89199
2.89562
0
2.88103
2.8793
2.87789
2.87445
2.8751
2.87433
2.8744
2.87534
2.8725
2.87347
1.89518
1.89728
1.91114
1.89132
2.82496
2.98696
2.95845
1.96398
0
0
0
0
0
0
0
0
0
0
0
0
0
1.89283
1.90269
1.84122
1.84191
1.87385
1.98333
1.97987
1.98167
1.62328
3.85652
0
0
1.64885
0
0
0
0
0
0
0
0
0
0
0
0
0
0
0
0
0
0
0
0
0
0
0
0
0
0
0
0
0
0
0
0
0
0
1.72036
0
0
0
0
0
0
0
0
0
0
0
0
0
0
0
0
0
0
0
0
0
0
0
0
0
0
0
0
0
0
0
1.6798
1.88974
1.57986
0
0
1.439
1.54182
3.35992
3.76271
3.73688
3.44622
0
3.03231
0
0
0
3.195
3.13747
1.87791
0
3.31788
2.78475
1.88607
1.94579
2.79952
1.80931
1.16117
1.73517
1.77635
1.82589
4.18237
4.49905
3.40604
4.45935
5.25724
8.03963
4.5325
5.3284
5.19844
1.9728
3.01456
1.97362
3.50752
3.3858
1.36039
1.54598
1.83004
1.51725
3.86086
3.25581
2.91507
2.98273
3.09154
2.70478
4.2292
3.38496
3.007
3.01345
3.10829
6.05799
3.20348
3.34666
3.39411
3.20028
3.17182
5.93067
3.17657
3.31239
3.3382
3.18537
3.13354
5.06004
3.35178
3.29408
3.35578
3.4522
3.55167
3.62221
3.26136
3.26556
3.27345
1.8663
1.95392
1.969
2.03921
2.04207
1.99431
1.97126
3.44832
4.67725
4.69811
4.77051
4.74006
4.6827
3.37588
4.68674
4.67106
4.6949
4.69692
4.70171
4.70495
1.83549
1.8054
1.90942
1.93321
3.11425
3.09304
3.32695
3.33323
3.33828
3.24036
3.23954
3.2396
3.24649
3.24615
3.24555
3.08925
3.13389
3.18863
3.19666
3.20815
3.28405
3.27244
3.24618
3.3431
3.33785
3.40563
3.28338
3.37014
3.40434
3.432
3.52415
3.59652
3.70239
3.56416
3.53548
3.17047
3.17042
3.02187
3.05821
2.81085
3.07832
3.29882
3.31199
3.28713
3.1392
3.35852
3.24877
3.26745
3.45969
1.92169
3.74148
3.52177
1.53932
7.73778
3.69078
6.44697
5.20611
3.65991
3.40743
5.97095
6.11574
5.03832
3.46727
4.84576
3.35317
3.11687
3.01746
3.21684
3.24712
4.67022
3.12542
3.49505
3.28062
3.1482
3.16857
2.75905
1.54524
1.50216
3.08595
1.80943
0
1.97979
3.39934
4.48792
1.95618
2.0291
3.43077
3.42369
3.50228
0
0
0
0
1.7744
1.79622
0
0
3.32421
5.21286
5.05391
5.3379
4.97382
6.10818
3.40679
3.28749
3.51312
5.30904
5.14977
5.03074
4.68783
5.05791
5.0174
1.91869
4.97723
2.65128
0.994161
2.82053
1.04008
2.95031
1.1746
1.02219
4.2393
3.81028
3.92723
1.86652
4.12413
5.26855
4.32702
1.77854
0
1.68387
1.88822
1.86575
2.37062
2.68508
0
0
0
0
0
0
0
0
0
0
0
0
0
0
2.15073
2.2171
1.1934
1.44456
1.17107
1.07548
1.12732
0.750155
3.57149
2.53982
0
2.76366
2.763
0
0
0
0
0
0
0
0
0
0
0
0
0
0
0
1.12076
0
0
0
0
0
1.43082
0
0
0
0
0
0
0
0
1.89602
1.89492
0
1.27021
1.27284
1.27292
1.27477
1.27429
1.27479
1.27473
1.36622
1.36665
1.36648
1.37552
1.37829
1.37745
1.37789
1.37735
1.38533
1.38524
1.39471
1.3941
1.39463
1.39424
1.39421
0
1.39416
1.39547
1.39547
1.38659
1.38256
1.39152
1.39146
1.39143
1.39147
1.39153
1.39205
1.39211
1.39197
1.39197
1.39191
1.39191
1.39231
1.40148
1.40148
1.39232
1.40148
1.40227
1.38771
1.29384
0
1.40536
0
0
1.57887
0
0
0
0
0
1.43242
1.43242
0
0
0
0
0
0
0
0
0
0
0
0
0
0
0
0
0
0
0
0
0
0
0
0
0
0
0
0
0
0
0
0
0
0
0
0
0
0
0
0
0
0
0
0
1.81085
1.53471
1.53355
1.5468
1.54866
1.55307
1.54385
1.54417
1.54156
1.5619
1.5619
1.63553
1.63531
1.63081
1.63081
2.82552
1.62811
1.4618
1.74912
1.71154
1.73585
1.80492
1.74062
2.77152
2.69934
2.69959
1.03116
2.34811
1.0311
1.03111
1.03567
1.03576
1.02395
2.33173
1.07635
1.06931
0
1.87346
1.17716
1.28133
1.58489
1.54888
1.71993
1.77372
2.62661
2.67791
1.62169
2.73272
3.57911
3.71917
4.19722
4.02106
1.53581
4.16911
2.68187
2.33894
2.58674
2.60278
1.14456
0
1.71607
1.56833
1.29281
1.13395
1.16571
1.24999
2.70139
1.67515
2.62877
2.38095
1.19665
0
0
0
0
0
0
0
0
0
0
0
0
0
0
0
2.60652
2.33994
2.3394
0
0
0
0
0
0
0
0
0
0
0
0
0
0
0
0
0
0
1.64118
1.96187
3.37451
4.26041
3.28176
1.91056
1.90887
3.3326
2.72638
3.05613
1.91994
1.60534
2.95176
4.91233
1.86472
1.82126
1.62818
2.791
0
2.68455
1.93766
2.95738
1.56376
1.80797
0
0
0
0
0
0
0
0
0
0
0
0
0
0
0
0
0
1.87702
1.79196
0
0
0
0
2.41023
1.47201
0
0
1.736
1.63145
1.60694
1.58647
2.40903
2.61779
0
2.73874
0
0
0
0
0
0
0
0
0
0
0
0
0
0
0
0
0
0
0
0
0
0
0
0
0
0
0
0
0
0
0
0
0
0
0
0
0
0
0
0
0
0
0
0
0
0
0
0
0
0
0
0
0
0
0
0
0
0
0
0
0
0
0
0
0
0
0
0
0
0
0
0
0
0
0
0
0
0
0
0
0
0
0
0
0
0
0
0
0
0
0
0
0
0
0
0
0
0
0
0
0
0
0
0
0
0
0
0
0
0
0
0
0
0
0
0
0
0
0
0
0
0
0
0
0
0
1.45086
0
0
0
0
0
1.91485
1.41704
0
0
0
1.847
1.80974
1.88178
1.78254
1.83574
2.58182
1.4678
1.56936
1.89369
1.92556
1.859
1.60542
1.34052
0
0
0
0
0
0
2.83264
1.29276
1.51682
1.63821
1.74115
1.74977
1.43513
1.35031
3.18393
2.83836
3.69744
3.29544
5.12423
3.00763
3.71638
2.30845
3.24656
3.23336
2.77421
4.31264
3.39623
3.68039
3.56178
3.42887
1.957
3.63293
1.83523
3.50057
4.91298
5.87431
3.47083
3.53364
3.66911
3.67137
3.79779
1.98085
4.53451
0
1.92002
5.48479
1.8425
0
0
6.2979
3.57347
0
3.41174
1.75732
3.46773
1.7528
1.89227
0
0
0
0
0
0
0
0
0
0
0
0
0
0
0
0
0
0
0
0
0
0
0
0
0
0
0
0
0
0
0
0
0
0
0
0
0
0
0
0
0
0
0
0
0
0
0
0
0
0
0
0
0
0
0
0
0
0
0
0
0
0
0
0
0
0
0
0
0
0
0
0
0
0
0
0
0
0
0
0
0
0
0
0
0
0
0
0
0
0
0
0
0
0
0
0
0
0
0
0
0
0
0
0
0
0
0
0
0
0
0
0
0
0
0
0
0
0
0
0
0
0
0
0
0
0
0
0
0
0
0
0
0
0
0
0
0
0
0
0
0
0
0
0
0
0
0
0
0
0
0
0
0
0
0
0
0
0
0
0
0
0
0
0
0
0
0
0
0
0
0
0
0
0
0
0
0
0
0
0
0
0
0
0
0
0
0
0
0
0
0
0
0
0
0
0
0
0
0
0
0
0
0
0
0
0
0
0
0
0
0
0
0
0
0
0
0
0
0
0
0
0
0
0
0
0
0
0
