0
0
0
0
0
0
0
0
0
0
0
0
0
0
0
0
0
0
0
0
0
0
0
0
0
0
0
0
0
0
0
0
0
0
0
0
0
0
0
0
0
0
0
0
0
0
0
0
0
0
0
0
0
0
0
0
0
0
0
0
0
0
0
0
0
0
0
0
0
0
0
0
0
0
0
0
0
0
0
0
0
0
0
1.85377
1.63035
1.46038
5.6833
4.2711
2.42212
3.36928
2.39078
3.6693
3.63549
3.48077
5.21598
3.55151
2.60816
2.47475
2.32202
6.18028
2.36414
2.29936
2.3331
2.56331
3.54711
2.25757
2.28618
3.54482
4.81576
3.97666
2.27534
2.22058
3.80162
3.71697
1.48501
2.38407
2.7219
1.73383
0
0
0
0
0
0
0
0
0
0
0
0
0
0
0
0
0
0
0
0
0
0
0
0
0
0
0
0
0
0
0
0
0
0
0
0
0
0
0
0
0
0
0
0
0
0
0
0
0
0
0
0
0
0
0
0
0
0
0
0
0
0
0
0
0
0
0
0
0
0
0
0
0
0
0
0
0
0
0
0
0
0
0
0
0
0
0
0
0
0
0
0
0
0
0
0
0
0
0
0
0
0
0
0
0
0
0
0
0
0
0
0
0
0
0
0
0
0
0
0
0
0
0
0
0
0
0
0
0
0
0
0
0
0
0
0
0
0
0
0
0
0
0
0
0
0
0
0
0
0
0
0
0
0
0
0
0
0
0
0
0
0
0
0
0
0
0
0
0
0
0
0
0
0
0
0
0
0
0
0
0
0
0
0
0
0
0
0
0
0
0
0
0
0
0
0
0
0
0
0
0
0
0
0
0
0
0
0
0
0
0
0
0
0
0
0
0
0
0
0
0
0
0
0
0
0
0
0
0
0
0
0
0
0
0
0
0
0
0
0
0
0
0
0
0
0
0
0
0
0
0
0
0
0
0
0
0
0
0
0
0
0
0
0
0
0
0
0
0
0
0
0
0
0
0
0
0
0
0
0
0
0
0
0
0
0
0
0
0
0
0
0
0
0
0
0
0
0
0
0
0
0
0
0
0
0
0
0
0
0
0
0
0
0
0
0
0
0
0
0
0
0
0
0
0
0
0
0
0
0
0
0
0
0
0
0
0
0
0
0
0
0
0
0
0
0
0
0
0
0
0
0
0
0
0
0
0
0
0
0
0
0
0
0
0
0
0
0
0
0
0
0
0
0
0
0
0
0
0
0
0
0
0
0
0
0
0
0
0
0
0
0
0
0
0
0
0
0
0
0
0
0
0
0
0
0
0
0
0
0
0
0
0
0
0
0
0
0
0
0
0
0
0
0
0
0
0
0
0
0
0
0
0
0
0
0
0
0
0
0
0
0
0
0
0
0
0
0
0
0
0
0
0
0
0
0
0
0
0
0
0
0
0
0
0
0
0
0
0
0
0
0
0
0
0
0
0
0
0
0
4.97765
0
0
0
0
0
0
0
0
0
0
0
0
0
0
0
0
0
0
0
0
0
0
0
0
0
0
0
0
0
0
0
0
0
0
0
0
0
0
0
0
0
0
0
0
0
0
0
0
0
0
0
0
0
0
0
0
0
0
0
0
0
0
0
0
0
0
0
0
0
0
0
0
2.723
2.54341
2.98104
0
0
0
0
0
0
1.4569
1.60327
0
0
0
0
2.77733
0
0
0
0
0
0
0
0
0
0
0
0
0
0
0
0
0
0
0
0
0
0
0
0
0
0
0
0
0
0
0
0
0
0
0
0
0
0
0
0
0
0
0
0
0
0
0
0
0
0
0
0
0
0
0
0
0
0
0
1.9613
0
0
1.84435
0
0
0
0
0
0
0
0
0
0
0
0
2.81068
2.81701
0
0
0
0
0
0
0
2.87344
2.83454
2.75526
2.87939
1.72455
1.78594
0
0
0
0
0
0
0
0
0
0
0
0
0
0
0
0
0
0
0
0
0
0
0
0
0
0
0
0
0
0
0
0
0
0
0
0
0
0
0
0
0
1.75618
1.68575
0
1.80792
1.64624
0
1.85617
1.46159
1.62121
1.28228
1.27657
1.77842
1.87398
1.7929
0
0
0
0
0
1.88343
1.90421
1.29766
1.46908
1.30241
1.42027
1.62743
1.71191
0
0
0
0
0
0
0
0
0
0
0
0
0
0
0
0
0
0
0
0
0
0
0
0
0
0
0
0
0
0
0
0
0
0
0
0
0
0
0
0
0
0
0
0
0
0
0
0
0
0
0
0
0
0
0
0
0
0
0
0
0
0
0
0
0
0
0
0
0
0
0
0
0
0
0
0
0
0
0
0
0
0
0
0
0
0
0
0
0
0
0
0
0
0
0
2.79171
2.2604
0
0
0
0
0
1.32642
1.25525
1.35633
1.54254
1.56609
1.49733
1.51813
1.55697
0
0
1.69614
1.673
1.65764
1.49984
1.57855
1.57249
1.67538
1.85598
1.84859
1.82095
1.68774
1.71403
1.65545
1.78331
1.76443
1.76395
1.77362
1.86935
1.73909
1.67036
1.67889
1.67668
1.77162
1.69971
1.72179
1.72168
1.64631
1.66095
1.68322
1.68522
1.64132
1.65818
1.72571
1.67466
1.66617
1.66706
1.64818
1.5953
1.69222
1.68471
1.89016
1.87873
1.88666
0
0
1.74869
1.62417
0
0
1.40073
2.44686
0
1.23805
1.37091
0
1.44105
1.36695
0
0
0
0
2.74651
1.55698
1.47892
1.41801
1.42971
1.28772
0
1.38773
1.23406
1.24372
1.29458
1.6294
0
0
1.56287
0
1.67107
1.48167
1.45273
1.12505
0
0
0
1.58887
1.78208
1.61482
1.70605
1.7243
1.53626
1.46441
1.54581
1.54581
1.5522
1.59584
1.52305
1.7519
1.52097
1.2489
1.24109
1.24101
1.24108
1.20849
1.10808
1.12642
1.14425
1.68043
1.92265
1.72268
1.72734
1.73184
1.72427
1.34422
1.70462
1.54506
1.43411
0
0
0
0
0
0
0
0
0
0
0
0
0
0
0
0
0
0
0
0
0
0
0
0
0
0
0
0
0
0
0
1.39007
1.45626
1.23602
1.35562
1.2222
0
1.60421
1.41195
1.42334
1.56651
1.89144
1.79562
1.78962
1.81888
1.5177
1.92251
1.92251
1.92449
1.75418
1.70343
1.71409
1.71503
1.7547
1.74631
1.79896
1.63557
1.53534
1.51693
1.68443
1.6365
1.50726
1.77603
1.74231
1.8001
1.85161
1.75158
3.002
4.11307
1.69314
0
0
0
0
2.75696
1.49951
0
0
2.0805
2.86726
0
3.774
3.62414
5.32431
3.47064
3.37341
4.16563
2.97663
3.30611
3.38822
1.65598
1.92595
2.81514
2.78065
3.07536
4.09757
4.08015
3.38694
3.39903
4.0469
3.04351
2.79805
1.89593
1.5045
3.0177
2.87816
2.88476
0
2.90406
0
0
0
0
0
1.44333
1.40293
4.31981
3.61826
3.67543
3.654
2.83348
3.54313
3.34253
5.48847
3.6484
1.19501
2.46979
5.81191
3.86725
1.13013
4.17872
4.02868
1.36043
1.53604
1.38347
1.38347
1.37462
3.09309
3.12476
4.344
3.25747
3.59286
3.58495
3.09641
3.2147
4.47178
3.41229
3.42957
3.47926
4.67875
3.65065
6.54215
5.72154
3.78205
3.86185
3.65188
4.58862
3.62729
3.65765
1.68143
3.99718
1.78112
1.65516
2.75735
4.54352
5.85037
4.2057
9.16701
4.05634
4.1545
5.59331
6.9795
5.5017
4.19038
5.68744
6.1673
5.23903
5.04213
4.94492
4.89334
4.94339
5.30103
4.87946
4.96574
6.30585
7.11525
5.39237
6.5872
4.77291
4.62899
5.44543
4.93699
4.82478
5.54887
5.40759
6.45048
6.42071
7.77968
7.60089
6.35422
7.41512
9.43489
8.30269
3.49574
1.7473
3.40331
3.57917
3.49026
3.59177
1.7345
3.55724
3.56463
3.60106
1.69259
1.75813
1.75887
1.71471
1.76529
4.14344
3.53909
3.42444
5.21802
3.36798
5.71703
6.34004
3.51534
7.50832
4.59612
3.26921
3.33679
3.38441
5.96212
3.40856
3.51713
3.45892
3.66127
5.32681
3.51195
3.13764
4.20171
4.41739
4.64691
3.58236
3.58558
3.49306
3.59801
3.52963
5.37839
4.88498
6.20665
5.36381
5.168
5.2926
6.39887
6.6197
6.45848
5.46329
5.58565
5.53555
6.6044
5.06156
7.43569
4.63429
1.73212
1.42262
1.57391
1.66482
1.7192
1.70073
1.67472
1.64449
1.4587
1.5029
1.48239
1.55484
1.53709
1.5845
1.70402
1.72377
1.69319
1.67278
1.55787
1.50184
1.62628
1.64665
1.4707
1.42326
4.47543
1.31981
1.79888
1.27389
0
3.36778
4.49342
3.51245
1.3436
1.31484
1.25499
1.30693
1.93179
1.60997
1.19262
1.46732
1.28374
1.3229
3.52765
4.1623
4.29278
4.70386
1.38068
1.82091
3.58052
1.76224
1.50422
1.24541
3.53543
4.33692
1.29843
1.44993
1.49343
1.51041
1.47104
1.4047
1.4356
1.48791
1.32999
4.43101
1.33885
4.3722
4.16602
2.7051
3.18597
3.16986
2.94822
2.82932
2.91383
2.68949
3.03079
2.7031
3.00345
2.84833
1.18398
3.15575
3.15937
3.05387
3.13938
1.24534
3.85714
3.15571
4.85733
1.28178
4.14784
4.27481
2.77901
2.8754
2.83899
3.04753
3.24174
1.27848
4.35594
1.29646
1.3127
1.36996
1.48491
1.53429
1.43699
1.21751
1.55644
1.48237
1.82142
1.86496
1.86496
1.91863
0
0
0
0
0
0
0
0
0
0
0
0
0
0
0
0
0
0
0
0
0
0
0
0
0
0
0
0
0
0
0
0
0
0
1.63997
1.85639
1.89293
1.7012
1.72263
1.59491
1.56383
1.66741
0
1.38769
0
0
0
1.48841
1.31735
1.43936
0
0
0
0
1.20925
0
0
0
0
0
0
0
0
0
0
0
0
0
1.70857
1.61659
1.8978
1.65118
1.84882
1.75362
1.74716
1.78621
1.77115
1.7104
1.76711
1.54177
1.656
2.77492
1.55004
3.92118
1.48748
1.577
1.62541
4.26853
2.90558
1.68067
3.15662
3.3831
4.47866
3.20346
5.42539
3.35262
3.33236
3.55838
3.55922
3.83043
3.76167
1.93588
1.95994
4.84985
4.81631
1.74011
1.88118
1.86343
2.74409
1.75383
1.75857
1.61836
1.64461
1.66936
1.85234
1.92268
1.85201
0
0
2.01163
0
0
0
0
0
0
0
0
0
0
0
0
0
0
0
0
0
0
0
0
0
0
0
0
0
0
0
0
0
0
0
0
0
0
0
0
0
0
0
0
0
0
0
0
0
0
0
0
0
0
0
0
0
0
0
0
0
0
0
0
0
0
0
0
0
0
0
0
0
1.00045
1.00374
1.15442
0
0
0
0
1.80393
1.74998
1.7736
1.61969
2.97931
2.97598
1.7498
1.78169
2.83404
1.80123
2.77744
2.77561
1.82873
1.68044
2.71402
2.55266
1.6304
2.5482
1.66455
1.74869
1.76619
1.57514
2.42738
2.82017
2.86506
2.72183
2.73687
2.81569
1.67723
2.7145
2.7145
1.95015
1.76002
1.91295
2.60932
2.60871
2.62643
1.86333
1.87777
1.88588
1.63564
1.63564
1.63564
1.65335
1.69597
1.69597
1.69597
1.69566
1.69597
2.66278
2.64819
2.64819
2.64819
1.66468
0
0
1.75364
0
1.70153
1.52107
1.50778
1.54556
1.63988
1.70993
2.31485
2.15219
1.33512
2.27612
1.49086
1.57346
1.73438
0
0
0
0
0
0
0
0
0
0
0
0
0
0
0
0
0
0
0
0
0
0
0
0
0
0
0
0
0
0
0
0
0
0
0
0
0
0
0
0
0
0
0
0
0
1.57672
1.59036
2.42199
2.40545
2.61623
2.43159
0
0
0
0
0
0
0
0
2.64699
0
0
0
0
0
0
0
0
0
0
0
0
1.63886
2.72521
1.90321
1.56576
2.46291
1.78291
0
1.41341
1.37838
0
0
0
0
0
0
0
0
0
0
0
0
0
0
0
0
0
0
0
0
0
0
0
0
0
1.16947
0
1.45478
1.41383
1.43808
1.46187
1.49406
1.48092
1.48093
1.48091
1.50799
1.48595
1.47639
1.47733
1.47779
1.47787
1.47813
1.50261
1.50268
2.51984
2.44261
1.51607
1.40971
1.38422
1.25745
1.26466
0
1.25944
1.63097
1.60161
2.63205
2.74219
2.5654
2.56532
1.40094
1.3795
1.86332
2.72767
1.53737
1.77106
1.66106
1.66735
1.66868
2.72128
1.74806
1.73421
1.73603
1.74011
1.75052
2.53026
2.53026
1.67684
1.68099
2.80187
1.64456
1.91459
1.9095
1.51831
1.56854
0
0
0
0
0
0
0
0
0
0
0
0
0
0
0
0
0
0
0
0
0
0
0
0
0
0
0
0
0
0
0
0
0
0
0
0
0
0
0
0
0
0
0
0
0
0
0
0
0
0
0
0
0
0
0
0
0
0
0
0
0
0
0
0
0
0
0
0
0
0
0
0
0
0
0
1.51887
1.72781
1.42958
1.2187
1.42676
1.45998
1.42462
0
0
0
0
0
1.2977
0
0
0
0
0
0
0
0
0
0
0
0
0
0
0
0
0
0
0
0
0
0
0
0
0
0
0
0
0
0
0
0
0
0
0
0
0
0
0
0
0
0
0
1.67889
1.79518
0
0
0
0
0
0
0
3.38194
1.3773
1.76548
3.33323
1.78929
1.78913
1.6212
0
0
0
0
0
0
0
0
0
0
1.32822
0
0
0
0
0
0
0
0
0
0
0
0
0
0
0
0
0
0
0
0
0
0
0
0
0
0
0
0
0
0
0
0
0
0
0
0
0
0
0
0
0
0
0
0
0
0
0
0
0
0
0
0
0
0
0
0
0
0
0
0
0
0
0
0
0
0
0
0
0
0
0
0
0
0
0
0
0
0
0
0
0
1.20135
1.01231
1.60684
1.42513
1.47176
1.63268
1.50977
1.44884
1.73897
1.7467
1.75096
1.8232
1.77517
1.6037
1.83179
1.85857
1.8831
1.51945
1.37714
1.34457
1.39078
1.75741
1.75727
1.75935
1.40912
1.4082
1.3536
1.40423
1.41234
1.41447
1.43784
1.41684
1.39563
1.40966
1.5545
1.42163
1.55477
1.63223
1.59868
1.55814
1.56941
1.58659
1.80039
1.72836
1.72841
1.7133
1.69351
1.72279
1.85261
1.77402
1.6651
1.71676
1.82879
1.75644
1.73285
1.71833
1.67527
1.63084
1.93708
1.87121
2.87671
2.86866
0
0
0
0
0
0
0
0
0
0
0
0
0
0
0
0
0
0
0
0
0
0
0
0
0
0
0
0
0
0
0
0
0
0
0
0
0
0
0
0
0
0
0
0
0
0
0
0
0
0
0
0
0
0
0
0
0
0
0
0
1.47064
0
0
0
0
0
0
0
0
0
0
0
0
0
0
0
0
0
0
0
0
0
0
0
0
0
0
0
0
0
0
0
0
0
0
0
0
0
1.54842
0
0
0
0
0
0
0
0
0
0
0
0
0
0
0
0
0
0
0
0
0
1.4917
1.78774
2.92422
2.45802
2.86478
3.20774
3.32473
3.64178
1.64398
1.66857
1.68545
3.39609
1.62618
3.26404
3.3094
1.56776
1.40483
4.41268
3.16147
3.25719
3.08138
3.39778
3.35296
2.76739
3.4957
3.26429
3.28958
4.49665
3.376
1.56834
3.85017
1.52026
1.4325
1.34469
1.52302
1.42008
1.26616
1.39244
1.31835
1.22849
1.28817
1.09197
1.16925
1.10364
1.51562
1.43037
1.76234
2.80114
1.79622
1.81699
0
0
0
0
0
0
0
0
0
0
0
0
0
0
0
0
0
0
0
0
0
0
0
0
0
0
0
0
0
0
0
0
0
0
0
0
0
0
0
0
0
0
0
0
0
0
0
0
0
0
0
0
0
0
5.21398
7.09733
4.47392
5.6273
4.12493
1.5454
4.55286
7.2108
7.36443
7.4485
4.81573
8.06284
14.4952
13.1276
13.0604
6.70319
9.80026
5.05432
3.20348
6.12578
6.42778
5.13976
3.5266
1.07671
3.05382
4.27082
5.70048
4.6646
3.39009
4.23265
2.93309
3.21794
2.85746
6.15388
3.57911
2.2427
0
1.48357
0
0
0
1.7333
2.75161
1.67997
0.867706
3.48083
1.84747
1.26009
1.10102
0
0
0
0
0
0
0
0
0
0
0
0
0
0
0
0
0
0
0
0
0
0
0
0
0
0
0
0
0
0
0
0
0
0
0
0
0
0
0
0
0
0
0
0
0
0
0
0
0
0
0
0
0
0
0
0
0
0
0
0
0
0
