0
0
0
0
0
0
0
0
0
0
0
0
0
0
0
0
0
0
0
0
0
0
0
0
0
0
0
0
0
0
0
0
0
0
0
0
0
0
0
0
0
0
0
0
0
0
0
0
0
0
0
0
0
0
0
0
0
0
0
0
0
0
0
0
0
0
0
0
0
0
0
0
0
0
0
0
0
0
0
0
0
0
0
0
0
0
0
0
0
0
0
0
0
0
0
0
0
0
0
0
0
0
0
0
0
0
0
0
0
0
0
0
0
0
0
0
0
0
0
0
0
0
0
0
0
0
0
0
0
0
0
0
0
0
0
0
0
0
0
0
0
0
0
0
0
0
0
0
0
0
0
0
0
0
0
0
0
0
0
0
0
0
0
0
1.67068
1.80295
1.56949
1.60232
1.61766
1.41491
2.4936
0
0
0
0
0
0
0
0
0
0
0
0
0
1.1648
2.66346
1.31996
1.55211
1.61052
3.12641
3.34252
1.45719
1.47978
1.48424
0
1.42886
1.66376
1.61965
1.72696
1.77281
0
0
1.73158
0
0
1.27197
1.41915
1.44512
1.64788
1.74648
1.7246
1.57863
1.34584
1.7379
1.74708
1.70079
1.65892
1.76931
1.43123
1.50377
1.5933
1.31186
1.54001
1.91158
1.80211
1.69206
1.76558
1.93067
1.84902
0
1.6778
1.5838
1.66686
1.59434
1.68045
1.49902
1.32866
0
0
0
0
0
0
0
0
0
0
0
0
0
0
0
0
0
0
1.59368
0
0
1.63955
1.47979
1.27016
0
2.79164
1.69907
0
0
0
0
1.73801
0
2.83453
1.74374
3.33913
3.55103
5.03104
4.68126
3.66631
2.79777
2.10691
2.42461
3.63341
5.41714
2.84865
3.78329
3.50891
4.29747
4.2161
3.45739
1.3371
7.00278
5.66986
2.45207
2.58721
2.46007
2.76769
2.73955
3.11758
1.49381
3.07631
2.98297
3.21814
3.18625
3.50385
3.36133
3.30685
3.02279
1.17554
3.16876
3.27904
1.28061
1.30016
3.02656
1.37824
1.47432
4.8404
1.4728
1.61282
1.59188
1.52481
2.99723
2.98993
2.7116
3.29944
2.79408
5.76949
5.73475
5.0352
2.6629
2.4683
3.19176
4.23171
5.62892
5.79191
1.29903
5.30295
2.47312
2.52555
1.37811
3.18594
3.14448
3.14508
2.84163
3.76793
2.69403
3.92142
4.32346
2.90642
3.99189
3.86919
2.853
2.68139
3.57793
2.71236
2.69344
3.56769
3.57623
3.47156
3.37769
3.2974
2.50015
2.69406
2.77105
2.77917
3.52164
3.54567
3.6761
3.72103
3.01272
3.12116
3.10936
3.05463
3.07444
2.97817
3.00876
3.03014
4.77179
4.7737
4.78664
3.0045
3.31503
3.33695
4.2176
2.71175
6.36298
5.32766
2.87982
2.89166
2.88901
2.81242
2.88678
2.70885
2.86328
2.74197
2.76651
2.76652
3.45484
3.64939
2.63663
3.01276
2.89959
2.867
2.79443
2.87954
2.82144
2.92084
4.70112
4.69712
3.14821
3.26169
4.18808
4.21817
4.21995
6.58034
6.2839
4.11283
5.18946
4.31439
4.70023
2.84485
2.97433
1.54344
1.6173
1.66677
1.5803
1.60615
1.58481
1.5974
1.67491
1.67324
1.68079
1.68374
1.67573
1.67937
1.64418
1.64684
1.62975
1.67878
3.2937
1.62009
5.62259
5.5999
4.23809
4.41054
3.2151
3.03613
3.13288
2.78028
4.5031
2.84565
2.66971
2.67412
2.67854
3.11387
5.47446
4.49445
4.32199
4.35337
4.28995
4.2624
4.25306
4.19126
6.11662
6.41546
4.85094
6.24075
4.38474
4.37374
4.4537
2.71422
2.51061
2.61728
2.66233
4.24146
3.86501
4.99516
5.68487
4.58053
3.61629
3.54191
2.27083
2.35175
2.09885
2.17671
2.09623
2.08564
2.0722
3.12312
2.11109
2.06566
2.03642
4.95881
2.80899
4.01393
4.7209
4.58087
5.46849
7.33713
4.59053
2.2912
2.27391
8.40618
4.48316
4.5069
5.38932
5.36803
5.36771
5.385
5.33452
5.33992
5.36231
5.38199
5.20718
5.24673
5.462
5.52482
5.50664
5.46868
7.37282
8.29401
5.61172
5.54302
4.49673
4.44796
4.46187
4.45882
2.896
2.96947
2.94395
4.85952
2.87457
2.92241
2.85048
4.56603
4.6655
6.90613
5.61774
4.45949
4.00897
4.01159
4.12192
2.30449
7.41494
6.10487
4.58203
4.85787
4.66109
4.70649
4.72403
4.97373
5.30822
4.31091
5.47691
5.38103
6.12755
6.26549
5.23039
5.27995
4.69619
4.78356
4.57389
4.71191
7.545
4.62565
6.72823
6.69199
5.98615
5.92896
5.88679
5.86674
2.94015
4.00809
3.03212
2.88712
3.05296
3.00146
3.04169
3.36169
3.31171
3.27957
3.20993
3.06222
3.02144
3.2358
3.19141
3.19066
3.19066
3.19069
3.19069
2.90571
2.98594
2.88283
2.88011
2.89042
2.8922
2.58359
2.9823
2.96649
2.9587
2.80616
2.79232
2.72948
2.73426
3.91186
3.9453
3.98226
3.94342
3.99593
3.16382
3.07462
3.06771
3.11895
3.34451
3.34451
3.34451
3.3323
3.3323
3.3323
3.33229
3.31217
3.33399
3.3106
3.28728
3.31294
3.33763
3.15498
3.1577
3.086
3.07508
3.23115
3.24351
3.21726
4.84665
1.23037
2.72522
2.70002
2.21536
2.085
4.26194
3.65213
2.49533
4.84491
4.01441
2.07511
2.3322
2.2766
4.52377
7.6105
3.75511
2.67386
3.57428
2.57221
3.86946
3.94396
2.6675
2.59588
2.4946
2.44758
2.44751
2.5147
2.51637
2.65803
2.59173
2.71641
2.57702
2.66475
6.35452
6.17117
6.14396
6.13709
6.13341
4.74774
4.95497
5.03413
5.85608
5.92306
5.8864
4.66732
5.77102
5.80776
5.54587
4.64908
4.68468
5.33962
4.53781
5.97935
4.83669
5.87741
6.93158
6.76302
5.61173
5.82684
5.78185
2.82122
2.84762
2.91625
2.92319
3.05926
3.06835
3.03426
3.91414
3.81341
2.97039
3.9516
2.93547
3.01905
2.79038
3.84065
3.7752
5.30283
2.99047
3.9658
2.98165
3.97338
3.93992
3.93328
5.55323
5.50849
4.42435
4.51424
4.46755
4.46682
2.61638
2.66089
7.4869
7.57647
7.60472
7.72423
7.56809
6.65937
8.60848
8.93981
6.68794
6.55704
6.27331
6.37606
5.34995
6.48622
4.63294
5.5232
5.14921
10.7514
8.55661
8.62095
8.82831
6.63668
6.08348
6.40904
5.07253
6.29281
6.64872
7.98762
10.5096
8.22222
8.6918
7.51656
8.58331
5.78874
6.14284
3.63942
6.60551
6.78426
3.69032
3.80261
5.16103
2.66115
2.6963
2.62807
2.5754
2.77335
2.79405
2.79228
2.67118
4.06923
2.69629
3.6697
3.75277
3.78467
3.91941
2.85904
2.77754
1.67906
1.61871
1.64399
3.97571
3.02183
2.82475
2.82552
2.84935
2.84774
2.87128
1.6324
2.74949
4.64635
4.65034
4.75081
2.89623
5.88587
7.55719
4.66295
2.82345
4.75983
5.84397
4.67748
4.61954
4.83918
5.73057
4.74781
2.67051
4.85677
3.30314
5.99886
5.79494
4.55607
4.66375
4.99027
4.99172
5.00779
4.63562
4.56214
4.51007
4.8697
4.81546
7.68161
4.81438
7.36316
4.69148
6.25245
5.08682
4.2519
4.29131
4.40561
2.78952
2.77009
6.70367
5.80113
2.58149
2.76284
2.772
2.68107
2.62754
5.25863
5.27993
5.31536
4.51408
4.29532
4.31264
4.32446
4.52486
5.19174
4.98166
5.00507
4.68278
6.00605
4.32002
4.67189
2.61426
4.72336
4.40587
4.35868
2.54997
2.69897
4.22461
5.65253
3.76251
2.71463
4.1345
2.64902
3.68065
3.53831
2.71132
2.92167
2.85852
2.72018
2.71014
2.6915
2.78725
2.56371
3.73076
2.67181
2.60519
2.6218
2.74409
2.67727
2.73422
2.70905
2.93117
2.85285
4.52133
5.65851
6.84411
4.68227
5.93326
6.19269
4.6462
4.54052
6.11269
4.69194
3.10917
3.04194
2.98168
4.6094
4.43361
3.01862
3.01157
3.18352
3.14962
3.19681
4.61018
6.41988
4.7376
4.38
4.4414
4.53367
4.50784
3.16139
3.16299
4.61014
4.6445
3.08147
5.77661
4.65935
4.6637
4.56496
4.4215
5.38595
4.75464
7.40131
5.94674
4.49489
4.31605
4.68703
7.2275
7.4338
4.19242
4.35983
2.43222
4.27254
5.21133
5.23046
5.25101
5.30708
5.37309
5.11671
5.39117
5.47527
5.39233
5.27091
4.25223
4.22723
5.23636
5.25123
4.37947
2.41001
2.39274
5.20874
4.51438
4.33654
4.44518
4.13753
5.18296
5.09583
5.18479
5.15709
3.66385
3.69614
3.53019
3.49668
3.55354
3.55688
2.59768
2.5968
2.59664
2.59679
2.58501
2.66153
2.71872
2.61456
2.60801
2.64217
2.63111
2.63852
2.75816
2.76295
2.76455
2.61701
2.60846
2.60798
2.602
2.60242
2.6044
2.6044
2.6044
2.60162
2.54225
2.54184
2.53727
2.5395
2.5395
2.5395
2.5395
6.3671
6.3674
6.36714
6.36723
6.48767
6.3964
4.29864
4.29551
7.17586
4.32189
4.36654
6.39203
4.38864
4.38766
4.38619
4.38313
4.39141
4.4512
4.43666
4.412
2.66285
2.60354
2.67352
3.63205
3.63187
4.97111
3.82346
3.81114
3.98589
5.97489
2.66805
6.60308
2.45599
4.08085
2.41671
2.20083
4.03551
2.66083
7.88606
7.17924
4.93628
8.83916
5.35292
5.82786
5.40683
7.60409
5.3371
4.05045
5.90822
2.79681
3.71814
2.91096
4.91626
2.61487
2.51497
2.4929
4.79302
2.52965
4.69799
4.65183
2.88136
4.13456
4.81821
4.37456
2.68248
2.69237
2.87164
4.63066
4.60075
2.78218
2.79383
2.91334
3.67022
2.66179
1.59905
3.67328
3.85392
3.82627
3.84656
2.79169
4.20553
4.19648
4.21462
4.2221
4.19476
2.82665
2.81279
4.18563
2.7218
3.95567
3.93528
3.97674
4.00747
2.74691
2.78492
2.73334
1.66014
3.10285
5.17709
2.9156
2.89126
2.72985
2.86341
2.70293
4.74607
6.54756
6.49382
6.65079
6.35297
6.44111
2.67142
2.64872
2.67423
2.58586
2.70162
2.7046
4.5762
4.60487
4.63739
4.55881
6.61881
6.60492
6.60255
6.69914
6.55303
6.46805
6.64342
6.46683
6.45731
6.50092
6.52317
6.5645
9.9108
9.91875
7.49463
7.48525
7.55423
6.4967
4.90127
6.51222
7.4834
7.48548
7.49932
7.49969
7.41056
7.37426
6.52169
6.43106
6.53504
6.4397
4.71022
4.75571
6.57307
6.54183
6.57882
6.65052
7.68994
5.11418
6.64008
6.73453
6.67995
7.63066
6.8011
6.96985
7.07864
4.93233
4.94797
5.15935
5.18405
5.16749
4.63116
4.69237
4.84332
4.89552
4.91089
5.10501
5.11514
4.98196
5.01625
7.6046
7.34646
7.27139
7.36602
5.11363
5.16791
5.17907
6.25234
2.8814
4.25434
4.24134
4.34883
4.31436
4.19703
4.0785
6.62823
6.67027
5.32157
5.39593
5.456
5.34883
5.16853
7.67603
7.73327
7.79346
7.75693
7.75122
7.01376
7.04565
5.42199
5.31538
5.35565
5.39114
5.30436
5.30564
5.28053
5.29636
5.20956
5.21141
5.26347
5.14835
5.13886
5.19811
5.18404
5.15785
5.08905
5.03971
5.18896
5.19074
5.17408
7.47404
5.24413
6.76081
6.72802
8.09944
6.3212
6.07083
5.69183
6.12656
6.05047
5.89275
2.5521
3.76299
3.8285
4.39337
1.60299
1.5856
1.66022
1.57866
1.63003
1.61618
1.49598
1.52408
1.53738
1.55728
1.60415
1.64286
1.64974
1.63314
1.65047
1.61678
1.55093
1.57445
1.59019
3.00936
3.10591
3.87228
1.51157
1.5145
1.51969
1.51349
1.50521
3.92414
3.94419
3.9438
2.93542
3.94674
3.94635
3.94363
3.95344
2.9058
3.87721
2.87058
1.61203
1.5865
1.59093
1.619
2.55081
4.43777
2.67596
2.53583
2.41287
2.90462
2.21353
2.37342
4.11302
4.09025
4.0003
3.58857
6.59926
3.88701
4.7387
4.52911
4.72282
4.54543
4.31626
4.42014
4.4281
4.4103
4.41661
4.57124
4.63152
4.60347
4.27309
4.27478
4.26909
4.59139
4.57798
4.59506
4.47125
4.51221
4.47428
2.54101
2.64267
2.76733
2.77754
2.76246
2.73634
2.6048
2.48402
3.52816
3.51244
2.65075
2.63981
2.69491
2.69139
5.20779
5.39806
4.54425
4.51027
4.61005
4.63342
5.40658
2.62971
2.61502
2.39947
2.4106
2.48257
2.48866
2.48864
2.47969
2.48016
3.77922
3.81102
2.9105
2.90057
2.90077
2.65842
2.57224
1.3649
3.23694
4.44577
4.44146
4.45778
3.38939
3.39016
3.38012
4.51795
4.55204
4.53258
4.42697
6.09111
8.19818
6.20535
6.29472
5.38805
9.3489
6.21923
3.34958
6.61685
4.52112
5.57771
5.84458
5.82064
3.5962
3.45156
3.47275
3.57808
1.59509
5.52414
1.5816
3.53873
5.76925
1.54873
1.54939
1.5146
1.54935
1.56092
1.55272
1.55354
1.56523
1.51554
1.52175
1.55891
1.57635
1.56993
1.54149
1.52741
1.5855
1.47735
2.48484
3.83317
3.81428
3.84829
3.89023
3.90977
1.50848
1.49166
1.51967
1.57794
1.5704
1.57862
1.57862
1.57866
1.60244
3.87834
3.99921
3.90779
1.60651
1.61052
1.61592
1.6095
1.60209
1.59873
1.59147
1.61058
2.45741
1.608
1.59843
1.58875
1.61362
1.59868
1.59801
1.59552
1.60753
1.60754
1.61595
1.61596
1.60297
1.55275
1.55184
4.7249
4.45878
3.01592
2.95978
2.91675
2.93166
2.75876
2.75317
2.88015
2.80785
2.71484
2.77504
2.58165
2.72533
2.75006
2.5693
2.67529
2.69186
2.65003
2.81412
2.84571
2.8675
2.7375
4.58766
4.80039
4.87644
5.14283
4.90265
5.09541
4.96261
4.88851
4.60814
4.84514
5.05909
5.05509
5.87853
6.13596
7.42418
7.20788
5.55023
5.79434
8.96064
6.37692
11.6694
10.3324
11.7125
10.7127
7.86679
7.08821
10.657
7.41705
5.08563
4.9136
6.71858
6.76986
8.69566
6.71363
7.3119
4.94905
5.20299
5.08454
4.74335
2.72085
2.71045
5.21484
1.49825
4.84622
6.06742
1.48814
3.09534
1.31398
1.3269
1.34853
1.31408
1.39276
1.31176
1.23249
1.246
1.2746
1.43034
1.361
3.32201
3.18341
3.17246
2.93814
2.86034
3.65646
1.60034
1.57543
1.55854
3.03832
3.68791
3.2348
3.11553
3.11858
4.90057
2.94463
6.00727
2.87763
2.76097
2.80643
2.76223
6.34057
4.8087
7.75177
2.68761
5.91156
5.90243
4.72803
4.81055
4.99384
4.9337
4.9442
4.32981
4.56987
4.60829
4.58881
4.73227
4.62399
4.5485
4.60182
4.68014
4.68929
4.746
4.69278
4.53085
2.26977
4.72428
4.61999
2.26967
2.36395
4.73064
4.58134
2.37373
2.40493
2.4834
2.63306
2.63765
2.75546
2.76105
2.74678
2.74746
5.22837
3.0158
4.77072
4.7493
3.98948
2.65482
2.70223
2.67773
3.98185
1.65053
1.49083
1.51648
1.52806
1.65114
1.50088
1.50164
1.50757
1.55464
1.53004
1.4143
1.42435
1.45674
1.35036
1.29923
1.40094
1.32139
1.15774
1.09888
1.06332
1.01951
4.82826
0.959313
0.881402
0.891239
1.84735
1.84737
1.89131
1.86153
0.958285
2.27715
0.980782
2.62736
1.12508
2.79236
3.0092
1.27072
1.3262
1.36069
1.41021
1.5488
2.8673
2.80441
2.86032
6.29012
4.2141
6.10524
2.78736
3.24724
4.81808
4.16169
6.21278
1.28754
1.42506
1.2962
3.9978
1.19052
1.30855
1.35291
1.35687
2.36556
2.4341
2.7898
2.57663
2.67104
2.44308
2.4848
2.63099
2.67195
2.80624
2.62017
3.66797
2.66201
2.99002
2.98175
3.86547
2.68566
2.71662
3.79167
3.84507
4.08413
5.80565
4.83139
2.71156
2.70622
2.74695
3.60773
2.65404
4.6505
2.71684
2.55504
2.74161
2.51254
3.59842
2.5972
2.59405
2.70842
2.6125
2.63263
2.603
2.5641
2.5687
2.48904
1.39009
2.57489
2.58202
2.58314
2.5792
2.60471
1.42907
1.42548
1.42865
1.39339
1.49725
1.37694
1.39592
1.38586
1.40224
1.47019
1.38787
1.37595
1.377
1.37631
1.35589
1.35363
1.34845
1.45131
1.45164
1.45704
1.45723
2.54878
2.49869
2.46448
2.4535
1.44007
1.43262
1.43184
1.42771
1.42702
1.46078
1.4674
1.42615
1.40025
1.39807
1.43084
1.44096
1.51952
1.42679
1.47103
3.99816
4.03585
2.88023
1.44651
1.42012
1.41181
1.37303
1.37543
1.41924
1.42874
1.37729
1.38402
1.38464
1.39161
1.42112
1.43413
1.36169
1.32793
1.34781
1.34852
1.38908
1.40435
1.40757
1.42786
1.43939
1.40029
1.47526
1.48689
1.47032
1.4775
1.46277
1.4287
1.41908
1.4223
1.47457
1.55095
1.59095
1.53061
1.52921
1.57534
1.53676
1.49793
2.81193
2.66941
2.60982
2.60151
2.67461
2.62181
2.57395
2.54451
2.54939
3.59252
5.08505
3.62961
3.35527
2.58896
2.49749
2.47399
4.85736
4.89551
4.89912
4.75608
4.87052
4.84014
4.73418
4.81377
4.95073
5.6184
5.62431
2.68497
5.70006
5.76256
2.84543
3.1091
2.78884
2.82118
5.79844
2.82544
2.6363
2.08283
2.33347
2.40875
2.60213
3.64695
2.52894
2.53927
2.55268
2.52151
2.50342
2.54279
2.63888
5.49419
5.34794
5.53924
2.67286
2.6122
1.36359
1.42419
1.33913
1.38391
1.36491
1.37107
1.38617
1.37877
1.40134
1.37298
1.29116
1.30212
1.29216
1.31784
1.34413
1.31109
1.32253
1.32248
1.4423
1.44436
1.4611
1.47417
1.43965
1.42373
1.45038
1.42126
1.51228
1.53498
1.46246
1.4562
2.79078
2.70948
2.67566
2.57541
2.57623
2.58113
2.59333
2.50651
2.4559
2.457
2.41069
2.47573
2.58543
2.51904
2.52252
2.59497
2.80782
2.67431
2.74261
2.65881
2.63807
2.69065
2.7399
2.7583
2.76669
2.64914
2.68114
2.69721
2.69786
2.68125
2.64466
2.5988
2.64069
2.67099
2.74094
2.71448
2.78661
2.68173
2.63331
2.47698
2.46818
2.4821
2.48026
2.46964
2.47973
2.47959
2.48228
2.43913
2.4395
2.43956
2.73736
2.74455
2.74387
2.74161
2.75941
2.75868
2.76507
2.76646
2.76514
2.73541
2.73549
2.72317
2.72637
2.75537
2.73873
2.78229
2.70585
2.68796
2.68753
2.68753
2.70504
2.68883
2.77754
2.77769
2.76397
2.80756
2.88076
2.87992
2.77008
2.81246
2.7825
2.80353
2.77043
2.7716
2.78465
2.78462
2.78553
2.78367
2.78367
2.78367
2.76561
2.75931
2.75931
2.76527
2.73975
2.76665
2.77071
2.77072
2.76378
2.62742
2.68961
2.51618
2.45055
2.44916
2.44824
2.44734
2.44171
2.4207
2.44169
2.44171
2.44159
2.44169
2.35094
2.35096
2.34953
2.34943
2.34179
2.34937
2.35108
2.34172
2.31131
2.32937
2.36243
2.25597
2.8204
2.8055
2.80795
2.80473
2.82776
3.67491
3.67448
3.67897
2.58042
2.55682
2.55692
2.55683
2.57678
2.57664
2.57662
2.57654
2.48641
2.31657
2.31658
2.31659
2.32241
2.61674
2.61453
2.61453
2.61589
2.61593
2.61983
2.616
2.61612
2.61613
2.61613
2.61614
2.31812
2.59592
2.59609
2.58406
3.59173
2.60565
2.5699
2.56993
2.56999
2.57011
2.52375
2.52376
2.54911
2.5234
2.53743
2.52339
2.53368
2.53358
2.53352
2.52956
2.61238
2.62729
2.62729
2.62729
2.62728
2.63418
2.63415
2.63416
2.63416
2.60831
2.61341
2.61338
3.50803
3.35789
3.36333
3.35797
3.37549
3.37544
3.37543
3.37547
3.32899
3.32378
3.32376
3.32377
3.32313
3.29841
3.2682
3.29052
3.38854
3.39517
3.42031
3.45443
3.49797
3.76727
3.76723
3.76745
3.79701
3.69147
3.70837
3.7163
3.75048
3.73412
3.74204
3.82239
3.82443
3.65753
3.67759
3.64506
3.6565
3.65338
3.83125
3.827
3.76444
3.76798
3.76732
3.76726
3.76694
3.76421
3.76429
3.76422
3.76431
3.76279
3.74408
3.73414
3.79445
3.81914
3.81568
3.81571
3.71548
3.74498
3.74546
3.74496
3.74216
3.73636
3.73181
3.71689
3.49369
3.61776
3.61753
3.63583
3.63593
3.60197
3.60197
3.60197
3.60201
3.59977
3.59977
3.59597
3.59631
3.61479
3.5963
3.5963
3.63517
3.64554
3.61681
3.59927
3.60217
3.57985
3.57998
3.58112
3.28419
3.59343
3.59885
3.57978
3.60409
3.61206
3.62473
3.60431
3.64897
3.6155
3.61632
3.61636
3.62068
3.63367
3.63366
3.63366
3.63364
3.63364
3.63364
3.63364
3.63337
3.63431
3.63651
3.63172
3.61803
3.62654
3.62931
3.63423
3.6357
3.63572
3.62011
3.63571
3.6357
3.63494
3.62861
3.63423
3.61207
3.61921
3.62549
3.62295
3.6108
3.60142
3.60161
3.59882
3.62157
3.63255
3.6227
3.62186
3.6461
3.62158
3.68366
3.6849
3.68106
3.68126
3.68125
3.69669
3.69668
3.67889
3.67638
3.65956
3.34294
3.51201
3.54412
3.5427
3.55452
3.55454
3.64689
3.60805
3.62582
3.74763
3.74486
3.74303
3.75984
3.74472
3.74471
3.73786
3.8367
3.83082
3.73512
3.74099
3.67199
3.664
3.66169
3.63777
3.70906
3.7145
3.71148
3.97503
3.86848
3.81352
3.79166
3.63287
3.72492
3.72579
3.76596
3.7332
3.68173
3.62539
2.66857
1.48709
1.48299
1.44425
3.22789
1.38749
1.37744
1.36843
1.26879
1.36142
1.21597
1.22533
1.16179
1.17675
0
1.05739
0
0
0
0
0
0
0
0
0
0
0
1.5282
0
0
0
0
0
1.53812
1.56482
1.54492
1.59519
1.62114
0
0
0
0
0
0
0
0
0
0
1.29055
0
0
0
0
0
0
0
0
4.23854
2.79992
2.53552
2.73951
3.74929
4.55009
2.7445
2.69116
2.67149
3.54503
2.76346
4.72934
3.74307
2.85207
2.72595
5.12286
2.73763
2.59449
2.56934
1.34045
1.2783
3.33204
1.39939
1.5535
1.46794
1.47169
4.5229
3.04153
2.8086
3.03975
3.5167
3.31678
3.30064
4.21972
3.10103
3.06683
3.05494
3.13958
3.10086
3.2347
3.0624
3.34208
3.02124
2.57909
1.4374
4.2544
2.7764
3.15952
3.07865
5.85645
2.73373
2.79809
2.94025
2.88157
4.26806
4.47769
0
0
0
0
0
0
0
0
0
5.77955
2.71774
4.7402
4.45157
7.46989
2.5329
5.97966
3.72111
0
2.67094
2.71128
1.00768
1.57118
1.2466
1.38154
1.79575
1.83352
1.7167
1.6828
1.74931
1.98269
1.79697
1.605
1.80397
1.43452
1.64457
0
1.9114
4.36008
1.36061
1.80033
3.05108
3.60611
3.32145
4.50504
3.30883
4.5546
1.53462
1.47202
1.53879
1.62838
1.71714
1.83996
0
0
0
0
0
0
0
0
0
0
0
0
0
0
0
0
0
0
0
0
0
0
0
0
0
0
0
0
0
0
0
0
0
0
0
0
0
0
0
0
0
0
0
0
0
0
0
0
0
0
0
0
0
0
0
0
0
0
0
0
0
0
0
0
0
0
0
0
0
0
0
0
0
0
0
0
0
0
0
0
0
0
0
0
0
0
0
0
0
0
0
0
0
0
0
0
0
0
0
