0
0
0
0
0
0
0
0
0
0
0
0
0
0
0
0
0
0
0
0
0
0
0
0
0
0
0
0
0
0
0
0
0
0
0
0
0
0
0
0
0
0
0
0
0
0
0
0
0
0
0
0
0
0
0
0
0
0
0
0
0
0
0
0
0
0
0
0
0
0
0
0
0
0
0
0
0
0
0
0
0
0
0
0
0
0
0
0
0
0
0
0
0
1.83942
1.77509
1.87445
1.72532
1.87759
1.8568
1.84886
1.86564
1.8877
1.90377
1.83491
1.88301
1.90817
1.83213
1.95854
0
0
0
0
0
0
0
0
0
0
0
0
0
0
0
0
0
0
0
0
0
0
0
0
0
0
0
0
0
0
0
0
0
0
0
0
0
0
0
0
0
0
0
0
0
0
0
0
0
0
0
0
0
0
0
0
0
0
0
0
0
0
0
0
0
0
0
0
0
0
0
0
0
0
0
0
0
0
0
0
0
0
0
0
0
0
0
0
0
0
0
0
0
0
0
0
0
0
0
0
0
0
0
0
0
0
0
0
0
0
0
0
0
0
0
0
0
0
0
0
0
0
0
0
0
0
0
0
0
0
0
0
0
0
0
0
0
0
0
0
0
0
0
0
0
0
0
0
0
0
0
0
0
0
0
0
0
0
0
0
0
0
0
0
0
0
0
0
0
0
0
0
0
0
0
0
0
0
0
0
0
0
0
0
0
0
0
0
0
0
0
0
0
0
0
0
0
0
0
0
0
0
0
0
0
0
0
0
0
0
0
0
0
0
0
0
0
0
0
0
0
0
0
0
0
0
0
0
0
0
0
0
0
0
0
0
0
0
0
0
0
0
0
0
0
0
0
0
0
0
0
0
0
0
0
0
0
0
0
0
0
0
0
0
0
0
0
0
0
0
0
0
0
0
0
0
0
0
0
0
0
0
0
0
0
0
0
0
0
0
0
0
0
0
0
0
0
0
0
0
0
0
0
0
0
0
0
0
0
0
0
0
0
0
0
0
0
0
0
0
0
0
0
0
0
0
0
0
0
0
0
0
0
0
0
0
0
0
0
0
0
0
0
0
0
0
0
0
0
0
0
0
0
0
0
0
0
0
0
0
0
0
0
0
0
0
0
0
0
0
0
0
0
0
0
0
0
0
0
0
0
0
0
0
0
0
0
0
0
0
0
0
0
0
0
0
0
0
0
0
0
0
0
0
0
0
0
0
0
0
0
0
0
0
0
0
0
0
0
0
0
0
0
0
0
0
0
0
0
0
0
0
0
0
0
0
0
0
0
0
0
0
0
0
0
0
0
0
0
0
0
0
0
0
0
0
0
0
0
0
0
0
0
0
0
0
0
0
0
0
0
0
0
0
0
0
0
0
0
0
0
0
0
0
0
0
1.96216
1.98135
3.45345
3.44658
3.54892
4.49885
1.68262
1.81261
4.39003
3.18134
3.53626
3.47976
3.44105
3.32122
3.50172
1.67768
1.56314
1.65767
2.64348
1.8299
3.55397
1.82479
1.70362
1.83895
1.76313
1.79576
1.8095
3.13184
3.25612
2.98565
3.05174
2.95943
2.88333
2.97823
3.00721
4.46014
1.56237
3.31624
4.61766
3.50245
3.08193
2.97145
3.20118
4.52939
3.29852
0.958485
1.34076
1.31514
1.29345
1.74326
3.60398
4.74024
2.87312
2.22731
4.06089
5.11513
3.79783
1.28519
0
1.12527
3.09637
3.79414
1.27368
2.25678
1.29605
0
0
0
0
0
0
0
0
0
0
0
0
0
0
0
0
0
0
0
0
0
0
0
0
0
0
0
0
0
0
0
0
0
0
0
0
0
0
0
0
0
0
0
0
0
0
0
0
0
0
0
0
0
0
0
0
0
0
0
0
0
0
0
0
0
0
0
0
0
0
0
0
0
0
0
0
0
0
0
0
0
0
0
0
0
0
0
0
0
0
0
0
0
0
0
0
0
0
0
0
0
0
0
0
0
0
0
0
0
0
0
0
0
0
0
0
1.1123
1.05132
1.12142
0.995054
1.09637
0.958037
1.03046
1.0759
1.02071
1.01178
0.916187
0.906335
1.01734
1.00021
2.02569
3.0289
0.992489
0.90984
0.898351
0.717863
3.1965
1.7947
0.907663
3.28551
1.84439
1.86933
2.64323
3.99636
1.3296
1.6029
1.58876
1.46582
1.52238
1.39431
1.55227
1.2778
1.30403
1.7592
1.64411
1.62443
1.64235
1.65268
1.64855
1.57914
1.6208
1.69615
1.57751
2.68034
2.45239
1.59481
1.72313
1.84405
1.68132
0
0
0
0
0
0
0
0
0
0
0
0
0
0
0
0
0
0
0
0
0
0
0
0
0
0
0
1.42744
3.82242
1.28217
1.088
4.23434
1.01345
0
0
1.0507
0
0
0
0
0
0
0
0
0
0
0
0
0
0
1.25001
0
5.17191
2.48239
1.45099
2.53658
1.34505
1.58875
1.02625
1.33734
1.51159
1.73482
1.60662
1.7184
1.48611
1.49097
1.44345
2.39898
1.34049
1.54478
1.72254
4.25724
2.86515
4.00374
0
1.88534
1.43173
0
0
0
0
0
0
0
0
0
0
0
0
0
0
0
0
0
0
0
0
0
0
0
0
0
0
0
0
0
0
0
0
0
0
0
0
0
0
0
0
0
0
0
0
0
0
0
0
0
0
0
0
0
0
0
0
0
1.30538
0
2.63569
0
0
1.472
1.98942
1.86679
1.62738
1.41687
1.28726
1.38129
1.2958
1.16986
1.35217
1.26767
1.09729
1.00437
1.0147
0.993328
1.58891
2.72156
0
0
0
0
0
0
0
0
0
0
0
0
0
0
0
0
0
0
0
0
0
0
0
0
0
0
0
0
0
0
0
0
0
0
0
0
0
0
0
0
0
0
0
0
0
1.36765
1.35246
1.26546
1.26446
3.83556
4.49917
1.59386
2.87113
1.21487
1.3247
0.892347
1.00495
0
0.855132
2.50279
0
2.39815
0
0
0
0
0
0
0
0
0
0
0
0
0
0
1.30705
0
0
0
1.71916
0
0
0
1.60833
1.63445
1.72556
1.70253
1.63938
2.58409
0
1.77439
0
0
0
0
0
0
0
0
0
0
0
0
0
0
0
0
0
0
0
0
0
0
0
0
0
0
0
0
0
0
0
0
0
0
0
0
0
0
0
0
0
0
0
0
0
0
2.35647
1.57773
2.82605
0
0
0
0
0
0
0
4.70448
4.73798
4.64366
4.557
3.55249
2.66447
4.29035
3.10868
1.63649
0
0
0
1.69785
1.71292
0
4.39305
0
3.01981
0
1.06668
2.78538
3.38064
1.59151
3.41732
2.98474
2.80246
3.57592
3.06899
4.89985
2.85544
1.58585
0
2.64968
0
2.36974
0
2.51258
1.29336
1.36532
1.64203
0
1.39866
0
2.78453
1.39866
1.39866
7.66441
3.13538
3.4431
1.3495
1.09704
1.31069
0
3.33349
0
2.50675
0
1.31534
1.77826
0
0
0
0
0
0
0
0
0
0
0
1.18334
1.25749
0
0
2.4438
2.75255
2.73887
1.97509
1.33506
3.84038
5.13147
4.84341
3.52048
5.71892
3.81518
5.93637
4.66113
3.77865
4.04607
2.71334
3.78577
2.9817
3.0277
3.34023
2.11277
2.11229
2.09786
3.16933
3.64019
6.06952
3.86256
3.50755
4.5046
4.05176
6.80266
5.38738
4.75374
6.26927
5.14945
3.67777
7.98355
7.03695
6.16299
5.59138
4.94256
4.67237
6.80047
4.90387
7.01586
6.92508
8.22698
6.41592
6.68364
7.28553
8.33262
6.72891
5.76169
5.57777
7.44327
5.40822
5.59167
5.30323
6.10198
7.92116
7.43469
6.72714
6.08028
5.56364
4.97357
3.74076
3.3072
4.26474
0.995862
0.893208
0.999474
2.25789
0
0
0
0
3.68268
0
0
0
1.67593
0
1.7212
1.5769
1.6737
1.54215
1.47028
1.44789
2.987
1.3541
2.94937
3.15793
2.95814
2.92684
3.0094
3.99512
4.02893
1.27069
1.32502
1.1443
1.12102
0.968606
0
0
0
0
0
0
0
0
0
0
0
0
2.78091
3.62267
4.25881
4.26861
3.94136
5.18897
4.02829
3.96902
3.00445
3.1391
5.8224
5.8014
3.05986
2.98049
4.70202
3.1052
3.18684
3.45198
3.00131
3.28555
3.13363
2.88476
3.20807
5.13926
2.95827
3.26625
3.22217
4.12818
5.52665
5.08027
4.60282
3.29472
1.81837
1.52257
1.85051
1.72168
3.06377
1.61421
2.44138
1.68804
0
0
0
0
0
0
2.53562
1.49889
1.51642
0
0
0
0
0
0
0
0
0
0
0
0
0
0
0
1.15164
0
2.47613
1.67034
3.00053
2.34381
0
1.19524
0
0
0
0
0
0
0
0
0
0
0
0
0
0
0
0
0
0
0
0
0
0
0
0
0
1.07311
3.25385
1.82817
1.68787
1.5907
1.7968
0
0
0
0
0
0
0
0
0
0
0
0
0
0
0
0
0
0
0
0
0
0
0
0
0
0
0
0
0
0
0
0
0
0
0
0
0
0
0
0.810075
0
1.06575
0
1.06506
0
0
0
0
0
0
0
0
0
0
0
0
0
0
0
0
0
0
1.77074
0
3.14083
0
0
1.24318
0
0
1.31285
0
0
1.92321
0
0
0
1.44403
0
0
0
0
0
0
0
0
0
0
0
0
0
0
0
0
1.42285
1.64754
1.70277
4.25425
3.12096
3.07288
1.72074
1.77181
0
0
0
0
0
0
0
0
0
0
0
0
0
0
0
0
0
0
0
0
0
0
0
0
0
0
0
0
0
0
0
0
0
0
0
0
0
0
0
0
0
0
0
0
0
0
0
0
0
0
0
0
0
0
0
0
0
0
0
0
0
0
0
0
0
0
0
0
0
0
0
0
0
0
0
0
0
0
0
0
0
0
0
0
0
0
0
0
0
0
0
0
0
0
0
0
0
0
0
0
0
0
0
0
0
0
0
0
0
0
0
0
0
0
0
0
0
0
0
0
0
0
0
0
0
0
0
0
0
0
0
0
0
0
0
0
0
0
0
0
0
0
0
0
0
0
0
0
0
0
0
0
0
0
0
0
0
0
0
0
0
0
0
0
0
0
0
0
0
0
0
0
0
0
0
0
0
0
0
0
1.81327
1.23076
1.83392
1.61843
1.72268
2.53722
1.5143
2.94397
1.33723
1.21209
1.32841
1.3126
1.18325
1.3916
1.51247
1.32435
1.31175
1.28378
0
1.64074
1.13467
0
0
1.13564
1.61107
2.67243
1.51446
1.62569
0
0
0
0
0
0
0
0
0
0
0
0
0
0
0
0
0
0
0
0
0
0
0
0
0
0
0
0
0
0
0
0
0
0
0
0
0
0
0
0
0
0
0
0
0
0
0
0
0
0
0
0
0
0
0
0
0
0
0
0
0
0
0
0
0
0
0
0
0
0
0
0
0
0
0
0
0
0
0
0
0
0
0
0
0
0
0
0
0
0
0
0
0
0
0
0
0
0
0
0
0
0
0
0
0
0
0
0
0
0
0
0
0
0
0
0
0
0
0
0
0
0
0
0
0
0
0
0
0
0
0
0
0
0
0
0
0
0
0
0
0
0
0
0
0
0
0
0
0
0
0
0
0
0
0
0
0
0
0
0
0
0
0
0
0
2.63541
1.13507
0
1.63344
2.54198
2.77887
1.43731
2.82195
1.5546
1.31851
1.60759
2.99976
0.966453
2.29307
1.69892
1.74887
1.73049
1.73972
1.3114
1.59218
1.26441
1.73192
1.31746
1.36
1.60645
1.54345
1.22761
3.3117
3.24211
3.51286
3.57498
3.4242
3.36031
3.11595
2.73511
3.35179
3.31492
3.50525
3.54658
3.52243
3.45892
3.51853
3.03713
4.21453
3.5855
1.3405
1.32916
1.33813
1.12703
1.07093
1.34571
1.40866
3.4249
1.24884
1.11602
3.7392
1.78028
1.38285
1.35463
3.38506
3.10749
3.47465
2.94242
1.42121
2.84776
4.46325
5.52748
4.37726
5.78841
5.83614
6.96719
7.11808
5.08883
5.04591
5.50761
5.7388
3.28222
3.40462
3.50519
5.23396
3.49744
3.57465
4.53842
0
4.18206
1.854
2.8535
3.55018
3.47473
3.71887
2.59742
1.74659
1.72811
1.63253
0
1.60741
0
1.87402
1.87192
1.63967
3.52795
1.69056
0
0.84699
2.55092
2.44576
0
3.23149
0
0
0
4.78895
3.01254
1.60106
1.51321
0
0
0
0
0
0
0
0
0
0
0
0
0
0
0
0
0
0
0
0
0
0
0
0
0
0
0
0
0
0
0
0
0
0
0
0
0
0
0
0
0
0
0
0
0
0
0
0
0
0
0
0
0
0
0
0
0
0
0
0
0
0
0
0
0
0
0
0
0
0
0
0
0
0
0
0
0
0
0
0
0
0
0
0
0
0
0
0
0
0
0
0
0
0
0
0
0
0
0
0
0
0
0
0
0
0
0
0
0
0
0
0
0
0
0
0
0
0
0
0
0
0
0
0
0
0
0
0
0
0
0
0
0
0
0
0
0
0
0
0
0
0
0
0
0
0
0
0
0
0
0
0
0
0
0
0
0
0
0
0
0
0
0
0
0
0
0
0
0
0
0
0
0
0
0
0
0
0
0
0
0
0
0
0
0
0
0
0
0
0
0
0
0
0
0
0
0
0
0
0
0
0
0
0
0
0
0
0
0
0
0
0
0.909823
0
0.911673
0
0
0
0
0
0
0
0
0
0
0
0
0
0
0
0
0
0
0
0
0
0
0
0
0
0
0
0
0
0
0
0
0
0
0
0
0
0
0
0
0
0
0
0
0
0
0
0
0
0
0
0
0
0
0
0
0
0
0
0
0
0
0
0
0
0
0
0
0
0
0
0
0
0
0
0
0
0
0
0
0
0
0
0
0
0
0
0
0
0
0
0
0
0
0
0
0
0
0
0
0
0
0
0
0
0
0
0
0
0
0
0
0
0
0
0
0
0
0
0
0
0
0
0
0
0
0
0
0
0
0
0
0
0
0
0
0
0
0
0
0
0
0
0
0
0
0
0
0
0
0
0
0
0
0
0
0
0
0
0
0
0
0
0
0
0
0
0
0
0
0
0
0
0
0
0
0
0
0
0
0
0
0
0
0
0
0
0
0
0
0
0.990598
0
0
0
0
0
0
0
0
0
0
0
0
0
0
0
0
0
0
0
0
0
0
0
0
0
0
0
0
0
0
0
0
0
0
0
0
0
0
0
0
0
0
0
0
0
0
0
0
0
0
0
0
0
0
0
0
0
0
0
0
0
0
0
0
0
0
0
0
0
0
0
0
0
0
0
0
0
0
0
0
0
0
0
0
0
0
0
0
0
0
0
0
0
0
