0.000000
0.000000
0.000000
0.000000
0.000000
0.000000
0.000000
0.000000
0.000000
0.000000
0.000000
0.000000
0.000000
0.000000
0.000000
0.000000
0.000000
0.000000
0.000000
0.000000
0.000000
0.000000
0.000000
0.000000
0.000000
0.000000
0.000000
0.000000
0.000000
0.000000
0.000000
0.000000
0.000000
0.000000
0.000000
0.000000
0.000000
0.000000
0.000000
0.000000
0.000000
0.000000
0.000000
0.000000
0.000000
0.000000
13.000000
11.000000
0.000000
0.000000
0.000000
108.000000
411.000000
963.000000
1375.000000
1508.000000
1517.000000
1467.000000
1601.000000
1745.000000
2094.000000
2376.000000
2787.000000
2727.000000
2798.000000
3076.000000
3382.000000
3363.000000
3209.000000
3132.000000
3186.000000
3329.000000
3429.000000
3508.000000
3539.000000
3298.000000
3249.000000
3151.000000
3204.000000
3242.000000
3433.000000
3470.000000
3447.000000
3264.000000
3221.000000
3135.000000
3200.000000
3111.000000
2877.000000
2845.000000
2700.000000
2752.000000
2742.000000
2847.000000
3204.000000
3334.000000
3296.000000
3251.000000
3173.000000
3326.000000
3434.000000
3468.000000
3330.000000
3099.000000
3020.000000
3114.000000
3157.000000
3343.000000
3589.000000
3557.000000
3613.000000
3463.000000
3445.000000
3315.000000
3157.000000
2973.000000
2833.000000
2770.000000
2332.000000
1795.000000
1333.000000
1096.000000
880.000000
558.000000
371.000000
264.000000
299.000000
289.000000
307.000000
280.000000
205.000000
38.000000
0.000000
0.000000
1.000000
0.000000
0.000000
0.000000
0.000000
0.000000
0.000000
0.000000
1.000000
2.000000
0.000000
0.000000
0.000000
0.000000
0.000000
0.000000
0.000000
0.000000
0.000000
0.000000
0.000000
0.000000
0.000000
0.000000
0.000000
0.000000
0.000000
0.000000
0.000000
0.000000
0.000000
0.000000
0.000000
0.000000
0.000000
0.000000
0.000000
0.000000
0.000000
0.000000
0.000000
0.000000
0.000000
0.000000
0.000000
0.000000
0.000000
0.000000
0.000000
0.000000
0.000000
0.000000
0.000000
0.000000
0.000000
0.000000
0.000000
0.000000
0.000000
0.000000
0.000000
0.000000
0.000000
0.000000
0.000000
0.000000
0.000000
0.000000
0.000000
0.000000
0.000000
0.000000
0.000000
0.000000
0.000000
0.000000
0.000000
0.000000
0.000000
0.000000
0.000000
0.000000
0.000000
0.000000
0.000000
0.000000
0.000000
0.000000
0.000000
0.000000
0.000000
0.000000
0.000000
0.000000
0.000000
0.000000
0.000000
0.000000
0.000000
0.000000
0.000000
0.000000
0.000000
0.000000
0.000000
0.000000
0.000000
0.000000
0.000000
0.000000
0.000000
0.000000
0.000000
0.000000
0.000000
0.000000
0.000000
0.000000
0.000000
0.000000
0.000000
0.000000
0.000000
0.000000
0.000000
0.000000
0.000000
0.000000
0.000000
0.000000
0.000000
0.000000
0.000000
0.000000
0.000000
0.000000
0.000000
0.000000
0.000000
0.000000
0.000000
0.000000
0.000000
0.000000
0.000000
0.000000
0.000000
0.000000
0.000000
0.000000
0.000000
0.000000
0.000000
0.000000
0.000000
0.000000
0.000000
0.000000
0.000000
0.000000
0.000000
0.000000
0.000000
0.000000
0.000000
0.000000
0.000000
0.000000
0.000000
0.000000
0.000000
0.000000
0.000000
0.000000
0.000000
0.000000
0.000000
0.000000
0.000000
0.000000
0.000000
0.000000
0.000000
0.000000
0.000000
0.000000
0.000000
0.000000
0.000000
0.000000
0.000000
0.000000
0.000000
0.000000
0.000000
0.000000
0.000000
0.000000
0.000000
0.000000
0.000000
0.000000
0.000000
0.000000
0.000000
0.000000
0.000000
0.000000
0.000000
0.000000
0.000000
0.000000
0.000000
0.000000
0.000000
0.000000
0.000000
0.000000
0.000000
0.000000
0.000000
0.000000
0.000000
0.000000
0.000000
0.000000
0.000000
0.000000
0.000000
0.000000
0.000000
0.000000
0.000000
0.000000
0.000000
0.000000
0.000000
0.000000
0.000000
0.000000
0.000000
0.000000
0.000000
0.000000
0.000000
0.000000
0.000000
0.000000
0.000000
0.000000
0.000000
0.000000
0.000000
0.000000
0.000000
0.000000
0.000000
0.000000
0.000000
0.000000
0.000000
0.000000
0.000000
0.000000
0.000000
0.000000
0.000000
0.000000
0.000000
0.000000
0.000000
0.000000
0.000000
0.000000
0.000000
0.000000
0.000000
0.000000
0.000000
0.000000
0.000000
0.000000
0.000000
0.000000
0.000000
0.000000
0.000000
0.000000
0.000000
0.000000
0.000000
0.000000
0.000000
0.000000
0.000000
0.000000
0.000000
0.000000
0.000000
0.000000
0.000000
0.000000
0.000000
0.000000
0.000000
0.000000
0.000000
0.000000
0.000000
0.000000
0.000000
0.000000
0.000000
0.000000
0.000000
0.000000
0.000000
0.000000
0.000000
0.000000
0.000000
0.000000
0.000000
0.000000
0.000000
0.000000
0.000000
0.000000
0.000000
0.000000
0.000000
0.000000
0.000000
0.000000
0.000000
0.000000
0.000000
0.000000
0.000000
0.000000
0.000000
0.000000
0.000000
0.000000
0.000000
0.000000
0.000000
0.000000
0.000000
0.000000
0.000000
0.000000
0.000000
0.000000
0.000000
0.000000
0.000000
0.000000
0.000000
0.000000
0.000000
0.000000
0.000000
0.000000
0.000000
0.000000
0.000000
0.000000
0.000000
0.000000
0.000000
0.000000
0.000000
0.000000
0.000000
0.000000
0.000000
0.000000
0.000000
26.000000
98.000000
141.000000
278.000000
433.000000
558.000000
751.000000
714.000000
627.000000
642.000000
776.000000
896.000000
955.000000
945.000000
1105.000000
1336.000000
1502.000000
1797.000000
1927.000000
2084.000000
2264.000000
2464.000000
2749.000000
2953.000000
3099.000000
3078.000000
3167.000000
3146.000000
3180.000000
3330.000000
3275.000000
3222.000000
3233.000000
3484.000000
3578.000000
3656.000000
3839.000000
4093.000000
4178.000000
4499.000000
4751.000000
4819.000000
5006.000000
5158.000000
5427.000000
5559.000000
5671.000000
5714.000000
5878.000000
6012.000000
6002.000000
6110.000000
6136.000000
6014.000000
5764.000000
5801.000000
5745.000000
5818.000000
5956.000000
6006.000000
6076.000000
6009.000000
6215.000000
6329.000000
6359.000000
6291.000000
6193.000000
6204.000000
6131.000000
6032.000000
5970.000000
5905.000000
5754.000000
5785.000000
5859.000000
5973.000000
6100.000000
6308.000000
6530.000000
6798.000000
6809.000000
6829.000000
6889.000000
6995.000000
7014.000000
6849.000000
6714.000000
6562.000000
6103.000000
6056.000000
6128.000000
6250.000000
6332.000000
6505.000000
6569.000000
6572.000000
6763.000000
6696.000000
6678.000000
6632.000000
6671.000000
6710.000000
6558.000000
6295.000000
5936.000000
5590.000000
5373.000000
5275.000000
5115.000000
4831.000000
4650.000000
4431.000000
4591.000000
4411.000000
4026.000000
3739.000000
3373.000000
3181.000000
3222.000000
3280.000000
3189.000000
3136.000000
2911.000000
2840.000000
2788.000000
2812.000000
2857.000000
2886.000000
2956.000000
3083.000000
3269.000000
3159.000000
2969.000000
2909.000000
2811.000000
2546.000000
2345.000000
2158.000000
2033.000000
1944.000000
1739.000000
1597.000000
1403.000000
1294.000000
1155.000000
898.000000
692.000000
416.000000
295.000000
218.000000
163.000000
106.000000
55.000000
17.000000
0.000000
0.000000
0.000000
0.000000
0.000000
0.000000
0.000000
0.000000
0.000000
0.000000
0.000000
0.000000
0.000000
0.000000
0.000000
0.000000
0.000000
0.000000
0.000000
0.000000
0.000000
0.000000
0.000000
0.000000
0.000000
0.000000
0.000000
0.000000
0.000000
0.000000
0.000000
0.000000
0.000000
0.000000
0.000000
0.000000
0.000000
0.000000
0.000000
0.000000
0.000000
0.000000
0.000000
0.000000
0.000000
0.000000
0.000000
0.000000
0.000000
0.000000
0.000000
0.000000
0.000000
0.000000
0.000000
0.000000
0.000000
0.000000
0.000000
0.000000
0.000000
0.000000
0.000000
0.000000
0.000000
0.000000
0.000000
0.000000
0.000000
0.000000
0.000000
0.000000
0.000000
0.000000
0.000000
0.000000
0.000000
0.000000
0.000000
0.000000
0.000000
0.000000
0.000000
0.000000
0.000000
0.000000
0.000000
0.000000
0.000000
0.000000
0.000000
0.000000
0.000000
0.000000
0.000000
0.000000
0.000000
0.000000
0.000000
0.000000
0.000000
0.000000
0.000000
0.000000
0.000000
0.000000
0.000000
0.000000
0.000000
0.000000
0.000000
0.000000
0.000000
0.000000
0.000000
0.000000
0.000000
0.000000
0.000000
0.000000
0.000000
0.000000
0.000000
0.000000
0.000000
0.000000
0.000000
0.000000
0.000000
0.000000
0.000000
0.000000
0.000000
0.000000
0.000000
0.000000
0.000000
0.000000
0.000000
0.000000
0.000000
0.000000
0.000000
0.000000
0.000000
0.000000
0.000000
0.000000
0.000000
0.000000
0.000000
0.000000
0.000000
0.000000
0.000000
0.000000
0.000000
0.000000
0.000000
0.000000
0.000000
0.000000
0.000000
0.000000
0.000000
0.000000
0.000000
0.000000
0.000000
0.000000
0.000000
0.000000
0.000000
0.000000
0.000000
0.000000
0.000000
0.000000
0.000000
0.000000
0.000000
0.000000
0.000000
0.000000
0.000000
0.000000
0.000000
0.000000
0.000000
0.000000
0.000000
0.000000
0.000000
0.000000
0.000000
0.000000
0.000000
0.000000
0.000000
0.000000
0.000000
0.000000
0.000000
0.000000
0.000000
0.000000
0.000000
0.000000
0.000000
0.000000
0.000000
0.000000
0.000000
0.000000
0.000000
0.000000
0.000000
0.000000
0.000000
0.000000
0.000000
0.000000
0.000000
0.000000
0.000000
0.000000
0.000000
0.000000
0.000000
0.000000
0.000000
0.000000
0.000000
0.000000
0.000000
0.000000
0.000000
0.000000
0.000000
0.000000
0.000000
0.000000
0.000000
0.000000
0.000000
0.000000
0.000000
0.000000
0.000000
0.000000
0.000000
0.000000
0.000000
0.000000
0.000000
0.000000
0.000000
0.000000
0.000000
0.000000
0.000000
0.000000
0.000000
0.000000
0.000000
0.000000
0.000000
0.000000
0.000000
0.000000
0.000000
0.000000
0.000000
0.000000
0.000000
0.000000
0.000000
0.000000
0.000000
0.000000
0.000000
0.000000
0.000000
0.000000
0.000000
0.000000
0.000000
0.000000
0.000000
0.000000
0.000000
0.000000
0.000000
0.000000
0.000000
0.000000
0.000000
0.000000
0.000000
0.000000
0.000000
0.000000
0.000000
0.000000
0.000000
0.000000
0.000000
0.000000
0.000000
0.000000
0.000000
0.000000
0.000000
0.000000
0.000000
0.000000
0.000000
0.000000
0.000000
0.000000
0.000000
0.000000
0.000000
0.000000
0.000000
0.000000
0.000000
0.000000
0.000000
0.000000
0.000000
0.000000
0.000000
0.000000
0.000000
0.000000
0.000000
0.000000
0.000000
0.000000
0.000000
43.000000
71.000000
60.000000
106.000000
125.000000
114.000000
85.000000
95.000000
159.000000
233.000000
304.000000
369.000000
385.000000
353.000000
345.000000
377.000000
411.000000
473.000000
594.000000
731.000000
851.000000
953.000000
1005.000000
998.000000
927.000000
895.000000
873.000000
875.000000
806.000000
827.000000
891.000000
941.000000
935.000000
1002.000000
1049.000000
1096.000000
1142.000000
1174.000000
1204.000000
1224.000000
1187.000000
1094.000000
1026.000000
958.000000
954.000000
1048.000000
1229.000000
1354.000000
1423.000000
1423.000000
1411.000000
1329.000000
1319.000000
1283.000000
1321.000000
1464.000000
1564.000000
1531.000000
1514.000000
1522.000000
1472.000000
1398.000000
1400.000000
1379.000000
1375.000000
1388.000000
1389.000000
1355.000000
1279.000000
1277.000000
1294.000000
1290.000000
1278.000000
1285.000000
1215.000000
1129.000000
1121.000000
1043.000000
946.000000
905.000000
846.000000
794.000000
729.000000
612.000000
605.000000
684.000000
716.000000
787.000000
728.000000
696.000000
694.000000
712.000000
764.000000
871.000000
912.000000
870.000000
896.000000
865.000000
828.000000
817.000000
813.000000
818.000000
936.000000
1067.000000
1291.000000
1495.000000
1683.000000
1839.000000
2009.000000
2202.000000
2431.000000
2653.000000
2972.000000
3331.000000
3748.000000
4130.000000
4321.000000
4210.000000
4072.000000
4014.000000
4311.000000
4551.000000
4863.000000
5313.000000
5605.000000
5464.000000
5451.000000
5774.000000
6171.000000
6461.000000
6386.000000
6313.000000
5671.000000
62372.000000
62770.000000
3428.000000
2784.000000
2816.000000
2988.000000
3214.000000
3246.000000
3161.000000
2977.000000
2907.000000
2903.000000
2781.000000
2541.000000
2487.000000
2575.000000
2465.000000
2439.000000
2366.000000
2386.000000
2355.000000
2402.000000
2389.000000
2204.000000
1821.000000
1612.000000
1486.000000
1332.000000
1180.000000
1052.000000
951.000000
791.000000
604.000000
519.000000
573.000000
582.000000
499.000000
502.000000
493.000000
560.000000
574.000000
588.000000
659.000000
721.000000
835.000000
943.000000
1027.000000
1091.000000
1196.000000
1314.000000
1505.000000
1604.000000
1729.000000
1808.000000
1857.000000
1723.000000
1643.000000
1473.000000
1389.000000
1251.000000
1197.000000
1143.000000
1057.000000
1020.000000
1021.000000
996.000000
946.000000
795.000000
668.000000
531.000000
398.000000
300.000000
195.000000
200.000000
181.000000
186.000000
189.000000
144.000000
141.000000
117.000000
140.000000
188.000000
263.000000
265.000000
214.000000
126.000000
107.000000
133.000000
173.000000
173.000000
187.000000
210.000000
313.000000
356.000000
324.000000
342.000000
362.000000
333.000000
271.000000
322.000000
351.000000
284.000000
345.000000
372.000000
214.000000
132.000000
182.000000
184.000000
166.000000
155.000000
60.000000
108.000000
152.000000
124.000000
236.000000
290.000000
272.000000
225.000000
172.000000
156.000000
184.000000
217.000000
174.000000
126.000000
161.000000
232.000000
292.000000
308.000000
290.000000
321.000000
310.000000
304.000000
296.000000
339.000000
450.000000
508.000000
525.000000
515.000000
554.000000
622.000000
631.000000
671.000000
749.000000
811.000000
908.000000
985.000000
1064.000000
1160.000000
1278.000000
1398.000000
1428.000000
1527.000000
1634.000000
1732.000000
1793.000000
1858.000000
1957.000000
2088.000000
2258.000000
2498.000000
2712.000000
2761.000000
2726.000000
2608.000000
2631.000000
2555.000000
2337.000000
1967.000000
1667.000000
1580.000000
1501.000000
1292.000000
1091.000000
1056.000000
958.000000
1000.000000
1088.000000
1149.000000
1199.000000
1260.000000
1418.000000
1465.000000
1575.000000
1601.000000
1587.000000
1549.000000
1345.000000
1432.000000
1635.000000
1807.000000
1964.000000
1893.000000
1757.000000
1613.000000
1406.000000
1424.000000
1502.000000
1325.000000
1297.000000
1267.000000
1173.000000
1258.000000
1324.000000
1484.000000
1635.000000
1722.000000
1765.000000
1822.000000
1837.000000
1963.000000
1993.000000
2018.000000
1912.000000
1785.000000
1784.000000
1798.000000
1776.000000
1653.000000
1510.000000
1271.000000
1060.000000
930.000000
1019.000000
1203.000000
1358.000000
1389.000000
1438.000000
1509.000000
1557.000000
1563.000000
1637.000000
1667.000000
1671.000000
1637.000000
1669.000000
1737.000000
1750.000000
1673.000000
1695.000000
1684.000000
1763.000000
1777.000000
1832.000000
1881.000000
1930.000000
2026.000000
2167.000000
2209.000000
2300.000000
2521.000000
2641.000000
2776.000000
2835.000000
2799.000000
2765.000000
2667.000000
2594.000000
2672.000000
2761.000000
2678.000000
2599.000000
2479.000000
2368.000000
2346.000000
2408.000000
2514.000000
2722.000000
2867.000000
3042.000000
3239.000000
3460.000000
3684.000000
3700.000000
3619.000000
3776.000000
3811.000000
3763.000000
3853.000000
3817.000000
3778.000000
3847.000000
3912.000000
3910.000000
4049.000000
4139.000000
4253.000000
4217.000000
4224.000000
4155.000000
4093.000000
3955.000000
3780.000000
3615.000000
3405.000000
3226.000000
3158.000000
2981.000000
3034.000000
2989.000000
2800.000000
2553.000000
2396.000000
2197.000000
1935.000000
1720.000000
1692.000000
1703.000000
1582.000000
1521.000000
1417.000000
1320.000000
1264.000000
1180.000000
1155.000000
1150.000000
997.000000
835.000000
809.000000
684.000000
650.000000
597.000000
598.000000
602.000000
635.000000
713.000000
819.000000
992.000000
1112.000000
1177.000000
1195.000000
1186.000000
1262.000000
1415.000000
1443.000000
1443.000000
1616.000000
1579.000000
1335.000000
1156.000000
1072.000000
1098.000000
1010.000000
1004.000000
959.000000
839.000000
703.000000
603.000000
496.000000
467.000000
474.000000
513.000000
566.000000
635.000000
765.000000
938.000000
1111.000000
1286.000000
1391.000000
1526.000000
1803.000000
2058.000000
2303.000000
2462.000000
2585.000000
2657.000000
2657.000000
2485.000000
2404.000000
2178.000000
2103.000000
2019.000000
1955.000000
1919.000000
1687.000000
1451.000000
1236.000000
1131.000000
980.000000
955.000000
1039.000000
1124.000000
1226.000000
1240.000000
1211.000000
1308.000000
1476.000000
1382.000000
1230.000000
1151.000000
1127.000000
1366.000000
1651.000000
1899.000000
2360.000000
2888.000000
3585.000000
4049.000000
4418.000000
4641.000000
4806.000000
5131.000000
5365.000000
5572.000000
5892.000000
6010.000000
5739.000000
5584.000000
5482.000000
5167.000000
5026.000000
4719.000000
4285.000000
4111.000000
3901.000000
3751.000000
3787.000000
3810.000000
3756.000000
3781.000000
4032.000000
3877.000000
3761.000000
3712.000000
3555.000000
3642.000000
3739.000000
3785.000000
3724.000000
3859.000000
4086.000000
4307.000000
4509.000000
4531.000000
4531.000000
4617.000000
4838.000000
4975.000000
5115.000000
5234.000000
5387.000000
5485.000000
5315.000000
5243.000000
4936.000000
4829.000000
4805.000000
4812.000000
4822.000000
4803.000000
4396.000000
4265.000000
4046.000000
4105.000000
4066.000000
4057.000000
4074.000000
4073.000000
4108.000000
4215.000000
4331.000000
4157.000000
4058.000000
3777.000000
3655.000000
3602.000000
3348.000000
3074.000000
2706.000000
2459.000000
2497.000000
2619.000000
2780.000000
2784.000000
2821.000000
2736.000000
2714.000000
2780.000000
2914.000000
3109.000000
3197.000000
2970.000000
2755.000000
2574.000000
2618.000000
2695.000000
2727.000000
2828.000000
2805.000000
2816.000000
2574.000000
2285.000000
2125.000000
1997.000000
1908.000000
1761.000000
1664.000000
1645.000000
1555.000000
1448.000000
1421.000000
1318.000000
1208.000000
1146.000000
907.000000
733.000000
495.000000
260.000000
182.000000
102.000000
63.000000
36.000000
15.000000
14.000000
8.000000
7.000000
11.000000
9.000000
0.000000
0.000000
0.000000
0.000000
0.000000
0.000000
0.000000
0.000000
0.000000
0.000000
0.000000
0.000000
0.000000
0.000000
0.000000
0.000000
0.000000
0.000000
0.000000
0.000000
0.000000
0.000000
0.000000
0.000000
0.000000
0.000000
0.000000
0.000000
0.000000
0.000000
0.000000
64000.000000
64000.000000
0.000000
0.000000
0.000000
0.000000
0.000000
0.000000
0.000000
0.000000
0.000000
0.000000
0.000000
0.000000
0.000000
0.000000
0.000000
0.000000
0.000000
0.000000
0.000000
0.000000
0.000000
0.000000
0.000000
0.000000
0.000000
0.000000
0.000000
0.000000
0.000000
0.000000
0.000000
0.000000
0.000000
0.000000
0.000000
0.000000
0.000000
0.000000
0.000000
0.000000
0.000000
0.000000
0.000000
0.000000
0.000000
0.000000
0.000000
0.000000
0.000000
0.000000
0.000000
0.000000
0.000000
0.000000
0.000000
0.000000
0.000000
0.000000
0.000000
0.000000
0.000000
0.000000
0.000000
0.000000
0.000000
0.000000
0.000000
0.000000
0.000000
0.000000
0.000000
0.000000
0.000000
0.000000
0.000000
0.000000
0.000000
0.000000
0.000000
0.000000
0.000000
0.000000
0.000000
0.000000
0.000000
0.000000
0.000000
0.000000
0.000000
0.000000
0.000000
0.000000
0.000000
0.000000
0.000000
0.000000
0.000000
0.000000
0.000000
0.000000
0.000000
0.000000
0.000000
0.000000
0.000000
0.000000
0.000000
0.000000
0.000000
0.000000
0.000000
0.000000
0.000000
0.000000
0.000000
0.000000
0.000000
0.000000
0.000000
0.000000
0.000000
0.000000
0.000000
0.000000
0.000000
0.000000
0.000000
0.000000
0.000000
0.000000
0.000000
0.000000
0.000000
0.000000
0.000000
0.000000
0.000000
0.000000
0.000000
0.000000
0.000000
0.000000
0.000000
0.000000
0.000000
0.000000
0.000000
0.000000
0.000000
0.000000
0.000000
0.000000
0.000000
0.000000
0.000000
0.000000
0.000000
0.000000
0.000000
0.000000
0.000000
0.000000
0.000000
0.000000
0.000000
0.000000
0.000000
0.000000
0.000000
0.000000
0.000000
0.000000
0.000000
0.000000
0.000000
0.000000
0.000000
0.000000
0.000000
0.000000
0.000000
0.000000
0.000000
0.000000
0.000000
0.000000
0.000000
0.000000
0.000000
0.000000
0.000000
0.000000
0.000000
0.000000
0.000000
0.000000
0.000000
0.000000
0.000000
0.000000
0.000000
0.000000
0.000000
0.000000
0.000000
0.000000
0.000000
0.000000
0.000000
0.000000
0.000000
0.000000
0.000000
0.000000
0.000000
0.000000
0.000000
0.000000
0.000000
0.000000
0.000000
0.000000
0.000000
0.000000
0.000000
0.000000
0.000000
0.000000
0.000000
0.000000
0.000000
0.000000
0.000000
0.000000
0.000000
0.000000
0.000000
0.000000
0.000000
0.000000
0.000000
0.000000
0.000000
0.000000
0.000000
0.000000
0.000000
0.000000
0.000000
0.000000
0.000000
0.000000
0.000000
0.000000
0.000000
0.000000
0.000000
0.000000
0.000000
0.000000
0.000000
0.000000
0.000000
0.000000
0.000000
0.000000
0.000000
0.000000
0.000000
0.000000
0.000000
0.000000
0.000000
0.000000
0.000000
0.000000
0.000000
0.000000
0.000000
0.000000
0.000000
0.000000
0.000000
0.000000
0.000000
0.000000
0.000000
0.000000
0.000000
0.000000
0.000000
0.000000
0.000000
0.000000
0.000000
0.000000
0.000000
0.000000
0.000000
0.000000
0.000000
0.000000
0.000000
0.000000
0.000000
0.000000
0.000000
0.000000
0.000000
0.000000
0.000000
0.000000
0.000000
0.000000
0.000000
0.000000
0.000000
0.000000
0.000000
0.000000
0.000000
0.000000
0.000000
0.000000
0.000000
0.000000
0.000000
0.000000
0.000000
0.000000
0.000000
0.000000
0.000000
0.000000
0.000000
0.000000
0.000000
0.000000
0.000000
0.000000
0.000000
0.000000
0.000000
0.000000
0.000000
0.000000
0.000000
0.000000
0.000000
0.000000
0.000000
0.000000
0.000000
0.000000
0.000000
0.000000
0.000000
0.000000
0.000000
0.000000
0.000000
0.000000
0.000000
0.000000
0.000000
0.000000
0.000000
30.000000
68.000000
53.000000
45.000000
69.000000
114.000000
194.000000
339.000000
440.000000
478.000000
571.000000
623.000000
749.000000
842.000000
1002.000000
1147.000000
1193.000000
1301.000000
1429.000000
1608.000000
1739.000000
1960.000000
2090.000000
2261.000000
2355.000000
2471.000000
2529.000000
2504.000000
2524.000000
2564.000000
2487.000000
2496.000000
2471.000000
2462.000000
2458.000000
2622.000000
2711.000000
2776.000000
2759.000000
2695.000000
2699.000000
2692.000000
2728.000000
2810.000000
2778.000000
2728.000000
2600.000000
2369.000000
2276.000000
2305.000000
2366.000000
2449.000000
2417.000000
2563.000000
2595.000000
2610.000000
2708.000000
2736.000000
2647.000000
2666.000000
2760.000000
2797.000000
2837.000000
2819.000000
2715.000000
2640.000000
2671.000000
2728.000000
2670.000000
2566.000000
2423.000000
2450.000000
2453.000000
2547.000000
2703.000000
2617.000000
2509.000000
2522.000000
2443.000000
2372.000000
2463.000000
2674.000000
2569.000000
2376.000000
2279.000000
2283.000000
2345.000000
2423.000000
2504.000000
2620.000000
2673.000000
2629.000000
2585.000000
2577.000000
2523.000000
2513.000000
2589.000000
2619.000000
2613.000000
2507.000000
2418.000000
2266.000000
2200.000000
2132.000000
2107.000000
1951.000000
1820.000000
1738.000000
1748.000000
1654.000000
1651.000000
1629.000000
1607.000000
1624.000000
1592.000000
1594.000000
1735.000000
1784.000000
1712.000000
1612.000000
1542.000000
1597.000000
1708.000000
1774.000000
1840.000000
1860.000000
1871.000000
1823.000000
1789.000000
1712.000000
1620.000000
1711.000000
1709.000000
1731.000000
1585.000000
1418.000000
1319.000000
1190.000000
1133.000000
1018.000000
903.000000
851.000000
834.000000
769.000000
688.000000
644.000000
605.000000
523.000000
505.000000
488.000000
532.000000
556.000000
586.000000
582.000000
597.000000
627.000000
622.000000
640.000000
619.000000
573.000000
540.000000
428.000000
310.000000
154.000000
77.000000
46.000000
27.000000
19.000000
12.000000
3.000000
0.000000
0.000000
0.000000
0.000000
0.000000
0.000000
0.000000
0.000000
0.000000
0.000000
0.000000
0.000000
0.000000
0.000000
0.000000
0.000000
0.000000
0.000000
0.000000
0.000000
0.000000
0.000000
0.000000
0.000000
0.000000
0.000000
0.000000
0.000000
0.000000
0.000000
0.000000
0.000000
0.000000
0.000000
0.000000
0.000000
0.000000
0.000000
0.000000
0.000000
0.000000
0.000000
0.000000
0.000000
0.000000
0.000000
0.000000
0.000000
0.000000
0.000000
0.000000
0.000000
0.000000
0.000000
0.000000
0.000000
0.000000
0.000000
0.000000
0.000000
0.000000
0.000000
0.000000
0.000000
0.000000
0.000000
0.000000
0.000000
0.000000
0.000000
0.000000
0.000000
0.000000
0.000000
0.000000
0.000000
0.000000
0.000000
16.000000
79.000000
227.000000
406.000000
602.000000
660.000000
619.000000
617.000000
728.000000
867.000000
996.000000
1159.000000
1421.000000
1737.000000
2028.000000
2240.000000
2470.000000
2672.000000
3097.000000
3414.000000
3527.000000
3435.000000
3241.000000
3148.000000
3151.000000
3172.000000
3188.000000
3277.000000
3271.000000
3237.000000
3275.000000
3281.000000
3248.000000
3120.000000
2962.000000
3011.000000
3174.000000
3402.000000
3428.000000
3388.000000
3248.000000
3210.000000
3214.000000
3194.000000
3209.000000
3306.000000
3327.000000
3062.000000
2771.000000
2683.000000
2760.000000
2758.000000
2666.000000
2674.000000
2937.000000
3012.000000
2947.000000
2898.000000
2854.000000
2842.000000
2887.000000
2931.000000
2955.000000
2976.000000
3054.000000
3087.000000
3052.000000
2972.000000
2949.000000
2919.000000
2849.000000
2667.000000
2773.000000
2960.000000
3109.000000
3134.000000
3001.000000
2974.000000
2997.000000
3172.000000
3250.000000
3355.000000
3265.000000
3169.000000
3012.000000
2899.000000
2842.000000
2866.000000
2892.000000
3029.000000
3117.000000
3108.000000
3021.000000
2797.000000
2660.000000
2710.000000
2835.000000
2939.000000
2969.000000
2951.000000
2923.000000
2874.000000
2773.000000
2725.000000
2577.000000
2446.000000
2504.000000
2527.000000
2261.000000
1930.000000
1623.000000
1544.000000
1604.000000
1589.000000
1512.000000
1345.000000
1068.000000
831.000000
580.000000
314.000000
131.000000
56.000000
27.000000
291.000000
777.000000
990.000000
993.000000
1179.000000
1408.000000
1494.000000
1737.000000
2099.000000
2551.000000
2980.000000
2914.000000
2916.000000
3152.000000
3059.000000
2889.000000
2869.000000
2842.000000
3000.000000
2961.000000
2873.000000
2853.000000
2809.000000
2635.000000
2673.000000
2669.000000
2733.000000
2910.000000
3109.000000
3102.000000
3038.000000
2955.000000
2924.000000
3035.000000
2803.000000
2522.000000
2491.000000
2668.000000
2635.000000
2675.000000
2596.000000
2825.000000
2811.000000
2709.000000
2614.000000
2553.000000
2676.000000
2603.000000
2547.000000
2515.000000
2426.000000
2349.000000
2569.000000
2621.000000
2410.000000
2264.000000
2395.000000
2619.000000
2670.000000
2579.000000
2463.000000
2374.000000
2366.000000
2419.000000
2343.000000
2398.000000
2464.000000
2399.000000
2304.000000
2344.000000
2478.000000
2490.000000
2323.000000
2203.000000
2170.000000
2210.000000
2307.000000
2425.000000
2474.000000
2444.000000
2331.000000
2317.000000
2318.000000
1904.000000
