0
0
0
0
0
0
0
0
0
0
0
0
0
0
0
0
0
0
0
0
0
0
0
0
0
0
0
0
0
0
0
0
0
0
0
0
0
0
0
0
0
0
0
0
0
0
0
0
0
0
0
0
61
225
613
1045
1457
1843
2312
2761
3212
3684
4036
4061
3942
4041
4083
4039
4025
4020
3989
3973
3984
3848
3606
3212
2795
2536
2365
2124
2338
2616
2759
2759
2649
2659
2686
2621
2574
2587
2499
2401
2271
2185
2419
2476
2348
2335
2300
2343
2439
2444
2502
2439
2452
2516
2445
2499
2644
2665
2744
2749
2678
2635
2470
2248
2282
2441
2523
2359
2021
1434
1157
749
564
526
484
430
378
282
168
1
0
0
0
0
0
0
0
0
0
0
0
0
0
0
0
0
0
0
0
0
0
0
0
0
0
0
0
0
0
0
0
0
0
0
0
0
0
0
0
0
0
0
0
0
0
0
0
0
0
0
0
0
0
0
0
0
0
0
0
0
0
0
0
0
0
0
0
0
0
0
0
0
0
0
0
0
0
0
0
0
0
0
0
0
0
0
0
0
0
0
0
0
0
0
0
0
0
0
0
0
0
0
0
0
0
0
0
0
0
0
0
0
0
0
0
0
0
0
0
0
0
0
0
0
0
0
0
0
0
0
0
0
0
0
0
0
0
0
0
0
0
0
0
0
0
0
0
0
0
0
0
0
0
0
0
0
0
0
0
0
0
0
0
0
0
0
0
0
0
0
0
0
0
0
0
0
0
0
0
0
0
0
0
0
0
0
0
0
0
0
0
0
0
0
0
0
0
0
0
0
0
0
0
0
0
0
0
0
0
0
0
0
0
0
0
0
0
0
0
0
0
0
0
0
0
0
0
0
0
0
0
0
0
0
0
0
0
0
0
0
0
0
0
0
0
0
0
0
0
0
0
0
0
0
0
0
0
0
0
0
0
0
0
0
0
0
0
0
0
0
0
0
0
0
0
0
0
0
0
0
0
0
0
0
0
0
0
0
0
0
0
0
0
0
0
0
0
0
0
0
0
0
0
0
0
0
0
0
0
0
0
0
0
0
0
0
0
0
0
0
0
0
0
0
0
0
0
0
0
0
0
0
0
0
0
0
0
0
0
0
0
0
0
0
0
0
0
0
0
0
0
0
0
0
0
0
0
0
0
0
0
0
0
0
0
0
0
0
0
0
0
0
0
0
0
0
0
0
0
0
0
0
14
78
171
334
580
777
873
953
1033
1055
1088
1152
1274
1457
1703
1951
2231
2515
2747
2831
2883
3015
3280
3498
3648
3788
3886
4043
4245
4569
4876
5178
5538
5922
6346
6802
7282
7818
8300
8725
8950
9168
9430
9606
9694
9801
9853
9799
9711
9623
9491
9215
8922
8654
8380
8261
8375
8597
8655
8539
8470
8652
8839
8909
8878
8732
8679
8521
8196
7942
7678
7528
7563
7623
7567
7510
7656
7724
7721
7735
7725
7745
7736
7792
7818
7793
7648
7584
7600
7775
7996
8169
8262
8234
8513
8751
8752
8686
8730
8740
8690
8484
8447
8379
8047
7554
7102
6723
6322
6038
6063
6264
6184
6081
5910
5690
5605
5533
5522
5451
5398
5276
5100
5033
5041
5009
4967
4990
5066
5136
5091
5066
4931
4850
4522
4122
3656
3240
2906
2594
2303
2045
1740
1448
1144
774
461
342
236
137
68
25
3
0
0
0
0
0
0
0
0
0
0
0
0
0
0
0
0
0
0
0
0
0
0
0
0
0
0
0
0
0
0
0
0
0
0
0
0
0
0
0
0
0
0
0
0
0
0
0
0
0
0
0
0
0
0
0
0
0
0
0
0
0
0
0
0
0
0
0
0
0
0
0
0
0
0
0
0
0
0
0
0
0
0
0
0
0
0
0
0
0
0
0
0
0
0
0
0
0
0
0
0
0
0
0
0
0
0
0
0
0
0
0
0
0
0
0
0
0
0
0
0
0
0
0
0
0
0
0
0
0
0
0
0
0
0
0
0
0
0
0
0
0
0
0
0
0
0
0
0
0
0
0
0
0
0
0
0
0
0
0
0
0
0
0
0
0
0
0
0
0
0
0
0
0
0
0
0
0
0
0
0
0
0
0
0
0
0
0
0
0
0
0
0
0
0
0
0
0
0
0
0
0
0
0
0
0
0
0
0
0
0
0
0
0
0
0
0
0
0
0
0
0
0
0
0
0
0
0
0
0
0
0
0
0
0
0
0
0
0
0
0
0
0
0
0
0
0
0
0
0
0
0
0
0
0
0
0
0
0
0
0
0
0
0
0
0
0
0
0
0
0
0
0
0
0
0
0
0
0
0
0
0
0
0
0
0
0
0
0
0
0
0
0
0
0
0
0
0
0
0
0
0
0
0
0
0
0
0
0
0
0
0
0
0
0
0
0
0
0
0
0
0
0
0
0
0
0
0
0
0
0
0
0
0
0
0
0
0
0
0
0
0
0
11
34
50
60
60
66
61
69
87
130
170
210
256
296
322
365
439
528
683
784
900
1049
1196
1293
1456
1571
1701
1827
1962
2119
2290
2450
2614
2797
2969
3137
3276
3407
3493
3579
3582
3614
3656
3740
3804
3888
3932
3907
3893
3915
3912
3932
3933
4024
4089
4142
4110
4146
4160
4122
4114
4058
4090
4046
4047
4023
4015
3974
3950
3907
3868
3838
3803
3794
3792
3760
3761
3759
3768
3797
3818
3843
3848
3824
3809
3838
3833
3852
3894
3914
3990
4062
4187
4323
4479
4579
4724
4895
5103
5326
5606
5813
6044
6264
6573
6858
7139
7345
7517
7659
7782
7928
7945
8046
8220
8243
7997
7759
7392
7090
6944
6743
6415
6220
5800
5310
5363
5268
5429
5700
5579
5259
5261
7424
4796
4321
4275
4338
4440
4463
4457
4300
4064
3639
3278
3056
2964
2986
2955
2875
2699
2507
2208
2026
1883
1702
1593
1562
1594
1687
1735
1804
1802
1846
1892
1898
1843
1811
1809
1824
1842
1883
1941
1997
2045
2122
2112
2059
2069
2092
2102
2122
2185
2269
2326
2400
2505
2567
2648
2591
2471
2398
2411
2492
2590
2707
2782
2888
2961
3034
3041
3033
3036
3040
3032
3038
3043
3048
3046
3052
3058
3074
3096
3100
3098
3092
3087
3064
3073
3050
3043
3046
3033
3016
3018
3031
3021
2985
2947
2904
2872
2842
2817
2796
2761
2735
2706
2684
2686
2691
2679
2689
2673
2670
2681
2694
2691
2684
2664
2661
2661
2673
2674
2658
2643
2640
2645
2641
2620
2595
2560
2549
2541
2509
2508
2486
2475
2458
2432
2405
2385
2377
2364
2326
2316
2282
2260
2208
2178
2107
2067
2095
2088
2108
2173
2132
2234
2367
2420
2622
2667
2896
3336
3571
3516
3586
3627
4002
4055
4127
4093
4147
4270
4333
4317
4338
4265
4189
4165
4133
4141
4127
4085
4132
4146
4164
4171
4165
4159
4174
4122
4037
3911
3841
3888
3786
3687
3669
3650
3653
3727
3765
3804
3833
3870
3913
3922
3938
3924
3898
3846
3820
3791
3733
3682
3653
3599
3564
3589
3587
3646
3654
3656
3635
3604
3560
3537
3531
3502
3503
3454
3422
3388
3353
3316
3280
3218
3187
3215
3212
3254
3327
3360
3427
3550
3592
3614
3683
3740
3822
3868
3926
3933
3859
3811
3725
3662
3682
3696
3714
3704
3756
3832
3866
3883
3861
3921
4035
4008
3980
4017
4117
4267
4358
4460
4578
4622
4641
4745
4846
4914
5032
5111
5215
5311
5381
5460
5596
5697
5728
5658
5663
5654
5682
5687
5659
5629
5490
5524
5451
5443
5488
5475
5398
5198
5047
4838
4703
4555
4350
4195
4044
3880
3741
3538
3321
3022
2709
2584
2550
2541
2512
2540
2559
2607
2612
2683
2729
2796
2779
2815
2787
2798
2688
2588
2522
2400
2329
2195
2138
2166
2194
2190
2202
2227
2225
2262
2248
2285
2288
2296
2309
2322
2304
2343
2306
2297
2288
2264
2280
2257
2215
2165
2158
2191
2225
2241
2369
2429
2537
2605
2737
2969
3206
3325
3356
3347
3415
3441
3482
3502
3486
3463
3415
3392
3462
3523
3564
3580
3611
3650
3689
3695
3754
3894
4038
4278
4626
5060
5519
6048
6622
7087
7323
7625
7953
8419
8759
8916
9011
8955
9005
9066
9077
9107
9133
9193
9178
9203
9155
9100
9038
8933
8797
8663
8638
8637
8742
8910
9102
9195
9268
9452
9544
9469
9362
9160
9084
9026
8964
8953
8937
8933
8902
8975
8916
8873
8783
8683
8458
8114
7436
7170
6949
6928
6759
6559
6399
6099
5883
5701
5472
5260
4952
4678
4289
3955
3781
3654
3636
3534
3549
3639
3662
3740
3804
3804
3879
4004
4104
4123
4058
3949
3825
3724
3766
3793
3853
3845
3844
3864
3846
3803
3744
3637
3564
3486
3339
3108
2803
2516
2193
1865
1516
1165
880
674
513
305
179
85
40
12
1
0
0
0
0
0
0
0
0
0
0
0
0
0
0
0
0
0
0
0
0
0
0
0
0
0
0
0
0
0
0
0
0
0
0
0
0
0
49
0
0
0
0
0
0
0
0
0
0
0
0
0
0
0
0
0
0
0
0
0
0
0
0
0
0
0
0
0
0
0
0
0
0
0
0
0
0
0
0
0
0
0
0
0
0
0
0
0
0
0
0
0
0
0
0
0
0
0
0
0
0
0
0
0
0
0
0
0
0
0
0
0
0
0
0
0
0
0
0
0
0
0
0
0
0
0
0
0
0
0
0
0
0
0
0
0
0
0
0
0
0
0
0
0
0
0
0
0
0
0
0
0
0
0
0
0
0
0
0
0
0
0
0
0
0
0
0
0
0
0
0
0
0
0
0
0
0
0
0
0
0
0
0
0
0
0
0
0
0
0
0
0
0
0
0
0
0
0
0
0
0
0
0
0
0
0
0
0
0
0
0
0
0
0
0
0
0
0
0
0
0
0
0
0
0
0
0
0
0
0
0
0
0
0
0
0
0
0
0
0
0
0
0
0
0
0
0
0
0
0
0
0
0
0
0
0
0
0
0
0
0
0
0
0
0
0
0
0
0
0
0
0
0
0
0
0
0
0
0
0
0
0
0
0
0
0
0
0
0
0
0
0
0
0
0
0
0
0
0
0
0
0
0
0
0
0
0
0
0
0
0
0
0
0
0
0
0
0
0
0
0
0
0
0
0
0
0
0
0
0
0
0
0
0
0
0
0
0
0
0
0
0
0
0
0
0
0
0
0
0
0
0
0
0
0
0
0
0
0
0
0
0
0
0
0
0
0
0
0
0
0
0
0
0
0
0
0
0
0
0
0
0
0
0
0
0
0
0
0
0
0
0
0
0
0
0
0
0
0
0
0
0
0
0
0
0
0
24
73
103
122
143
201
268
387
589
809
1047
1295
1593
1941
2317
2667
3013
3267
3432
3583
3724
3934
4144
4395
4607
4687
4785
4860
4895
4940
4934
4959
5054
5258
5382
5388
5429
5516
5560
5600
5686
5733
5749
5725
5654
5581
5599
5702
5775
5775
5816
5882
5959
5996
5927
5878
5885
5932
5952
5993
6013
6022
6060
6073
6028
6057
5991
5936
5886
5726
5517
5535
5648
5712
5674
5597
5538
5496
5373
5275
5177
5078
5006
4932
4871
4804
4782
4795
4842
4902
4819
4762
4732
4803
4932
5032
5158
5287
5377
5420
5447
5499
5508
5536
5556
5588
5541
5467
5453
5549
5646
5683
5691
5679
5606
5557
5464
5430
5428
5448
5512
5525
5516
5561
5596
5618
5574
5509
5429
5352
5315
5235
5132
4987
4778
4587
4417
4270
4121
3963
3795
3641
3591
3567
3475
3275
3067
2867
2681
2502
2328
2154
1978
1789
1609
1407
1187
952
742
589
450
271
132
76
48
32
19
7
0
0
0
0
0
0
0
0
0
0
0
0
0
0
0
0
0
0
0
0
0
0
0
0
0
0
0
0
0
0
0
0
0
0
0
0
0
0
0
0
0
0
0
0
0
0
0
0
0
0
0
0
0
0
0
0
0
0
0
0
0
0
0
0
0
0
0
0
0
0
0
0
0
0
0
0
0
0
0
0
0
20
19
136
291
370
446
550
639
679
716
869
1058
1283
1540
1771
1857
2009
2198
2250
2207
2172
2233
2342
2321
2251
2211
2142
2114
2032
2047
2032
2080
1986
1963
2163
2402
2472
2424
2312
2351
2289
2283
2169
2076
1939
1908
1819
1823
1835
1799
1787
1846
2016
2110
2042
2068
1996
1938
1959
2038
2007
1910
1882
1799
1640
1578
1579
1556
1603
1642
1663
1831
1814
1827
1834
1734
1692
1651
1586
1605
1695
1832
2027
2176
2389
2563
2818
3162
3426
3620
3751
3810
3777
3781
3789
3752
3699
3634
3520
3428
3293
3249
3096
2935
2958
3019
2935
2680
2361
2064
1768
1496
1253
945
699
510
284
107
18
0
0
9
164
384
425
485
687
1118
1650
1973
2274
2419
2327
2181
2399
2417
2396
2465
2574
2615
2612
2693
2728
2666
2624
2601
2352
2266
2515
2645
2667
2692
2681
2643
2545
2485
2436
2429
2414
2388
2222
2253
2440
2505
2543
2627
2551
2512
2468
2418
2374
2359
2384
2478
2621
2858
2838
2897
3127
3305
3471
3598
3726
3815
3900
3887
3860
3910
3907
3954
3864
3844
3886
3902
3896
3920
3909
3883
3877
3856
3814
3774
3705
3615
3479
3149
