334.000000
326.000000
296.000000
239.000000
248.000000
265.000000
306.000000
375.000000
431.000000
455.000000
503.000000
540.000000
570.000000
613.000000
590.000000
605.000000
635.000000
639.000000
619.000000
596.000000
651.000000
698.000000
808.000000
910.000000
953.000000
910.000000
928.000000
933.000000
943.000000
998.000000
1060.000000
1075.000000
1006.000000
1024.000000
1032.000000
1079.000000
1149.000000
1282.000000
1378.000000
1403.000000
1429.000000
1378.000000
1368.000000
1345.000000
1322.000000
1253.000000
1230.000000
1722.000000
1137.000000
1290.000000
1405.000000
1399.000000
1349.000000
1319.000000
1225.000000
1266.000000
1368.000000
1366.000000
1340.000000
1230.000000
1180.000000
1173.000000
1192.000000
1235.000000
1323.000000
1368.000000
1359.000000
1282.000000
1224.000000
1190.000000
1235.000000
1150.000000
1064.000000
996.000000
992.000000
994.000000
977.000000
983.000000
1091.000000
1151.000000
1097.000000
1074.000000
1092.000000
1118.000000
1173.000000
1125.000000
1115.000000
1021.000000
958.000000
985.000000
994.000000
1020.000000
1036.000000
1014.000000
989.000000
985.000000
978.000000
1007.000000
932.000000
875.000000
841.000000
836.000000
780.000000
755.000000
690.000000
648.000000
659.000000
651.000000
552.000000
509.000000
440.000000
439.000000
429.000000
433.000000
389.000000
318.000000
262.000000
203.000000
132.000000
68.000000
24.000000
20.000000
83.000000
11.000000
7.000000
4.000000
1.000000
12.000000
0.000000
8.000000
1.000000
4.000000
5.000000
0.000000
2.000000
1.000000
1.000000
4.000000
10.000000
19.000000
20.000000
19.000000
17.000000
13.000000
12.000000
10.000000
4.000000
4.000000
4.000000
0.000000
0.000000
0.000000
0.000000
0.000000
0.000000
0.000000
0.000000
0.000000
0.000000
0.000000
0.000000
0.000000
0.000000
0.000000
0.000000
3.000000
7.000000
7.000000
11.000000
11.000000
13.000000
14.000000
10.000000
15.000000
16.000000
10.000000
13.000000
9.000000
7.000000
10.000000
4.000000
1.000000
10.000000
10.000000
6.000000
3.000000
0.000000
1.000000
4.000000
12.000000
17.000000
29.000000
36.000000
52.000000
48.000000
51.000000
43.000000
27.000000
17.000000
3.000000
0.000000
2.000000
13.000000
2.000000
2.000000
1.000000
0.000000
0.000000
0.000000
0.000000
0.000000
0.000000
0.000000
0.000000
0.000000
0.000000
0.000000
3.000000
1.000000
0.000000
2.000000
7.000000
11.000000
27.000000
37.000000
13.000000
0.000000
0.000000
0.000000
3.000000
1.000000
0.000000
4.000000
3.000000
8.000000
10.000000
12.000000
19.000000
26.000000
33.000000
33.000000
38.000000
44.000000
54.000000
60.000000
65.000000
76.000000
88.000000
105.000000
119.000000
97.000000
69.000000
16.000000
0.000000
0.000000
0.000000
1.000000
0.000000
1.000000
0.000000
0.000000
0.000000
0.000000
0.000000
0.000000
0.000000
1.000000
0.000000
0.000000
0.000000
0.000000
0.000000
0.000000
0.000000
0.000000
0.000000
0.000000
0.000000
1.000000
1.000000
0.000000
0.000000
0.000000
0.000000
0.000000
0.000000
3.000000
1.000000
0.000000
0.000000
0.000000
1.000000
0.000000
0.000000
1.000000
0.000000
0.000000
0.000000
0.000000
0.000000
0.000000
0.000000
0.000000
0.000000
0.000000
0.000000
0.000000
0.000000
7.000000
20.000000
31.000000
39.000000
29.000000
30.000000
20.000000
9.000000
7.000000
36.000000
31.000000
11.000000
6.000000
14.000000
11.000000
6.000000
5.000000
3.000000
0.000000
2.000000
0.000000
0.000000
0.000000
0.000000
0.000000
0.000000
1.000000
0.000000
2.000000
0.000000
0.000000
0.000000
0.000000
0.000000
1.000000
1.000000
0.000000
0.000000
0.000000
0.000000
3.000000
9.000000
25.000000
21.000000
20.000000
20.000000
13.000000
2.000000
0.000000
0.000000
2.000000
2.000000
2.000000
7.000000
2.000000
3.000000
0.000000
0.000000
0.000000
0.000000
0.000000
0.000000
1.000000
1.000000
3.000000
6.000000
5.000000
3.000000
4.000000
2.000000
1.000000
0.000000
0.000000
0.000000
0.000000
0.000000
0.000000
0.000000
0.000000
0.000000
0.000000
0.000000
0.000000
0.000000
0.000000
0.000000
0.000000
0.000000
0.000000
0.000000
0.000000
0.000000
0.000000
0.000000
0.000000
0.000000
0.000000
0.000000
1.000000
0.000000
0.000000
2.000000
6.000000
30.000000
51.000000
79.000000
87.000000
85.000000
79.000000
57.000000
46.000000
38.000000
42.000000
47.000000
31.000000
39.000000
47.000000
60.000000
61.000000
48.000000
45.000000
54.000000
61.000000
58.000000
62.000000
61.000000
81.000000
83.000000
86.000000
91.000000
88.000000
92.000000
104.000000
106.000000
139.000000
186.000000
228.000000
312.000000
368.000000
422.000000
441.000000
455.000000
451.000000
431.000000
437.000000
416.000000
412.000000
441.000000
481.000000
532.000000
636.000000
678.000000
685.000000
688.000000
697.000000
788.000000
815.000000
873.000000
880.000000
915.000000
901.000000
913.000000
947.000000
1058.000000
1110.000000
1089.000000
1044.000000
1063.000000
1059.000000
1070.000000
1074.000000
1166.000000
1176.000000
1231.000000
1270.000000
1331.000000
1449.000000
1501.000000
1527.000000
1539.000000
1467.000000
1428.000000
1428.000000
1374.000000
1316.000000
1360.000000
1313.000000
1340.000000
1363.000000
1346.000000
1477.000000
1570.000000
1665.000000
1729.000000
1785.000000
1792.000000
1830.000000
1848.000000
1868.000000
1902.000000
1889.000000
1813.000000
1817.000000
1800.000000
1839.000000
1840.000000
1837.000000
1865.000000
1908.000000
1973.000000
2148.000000
2235.000000
2300.000000
2344.000000
2232.000000
2194.000000
2256.000000
2296.000000
2206.000000
2192.000000
2090.000000
2164.000000
2254.000000
2257.000000
2206.000000
2113.000000
2131.000000
2237.000000
2381.000000
2463.000000
2466.000000
2485.000000
2555.000000
2648.000000
2686.000000
2724.000000
2716.000000
2690.000000
2707.000000
2611.000000
2558.000000
2517.000000
2493.000000
2490.000000
2540.000000
2569.000000
2688.000000
2731.000000
2711.000000
2718.000000
2697.000000
2725.000000
2721.000000
2788.000000
2620.000000
2596.000000
2597.000000
2515.000000
2403.000000
2361.000000
2341.000000
2298.000000
2338.000000
2418.000000
2517.000000
2633.000000
2680.000000
2728.000000
2711.000000
2670.000000
2660.000000
2649.000000
2705.000000
2762.000000
2661.000000
2639.000000
2521.000000
2476.000000
2494.000000
2552.000000
2641.000000
2698.000000
2784.000000
2839.000000
2849.000000
2845.000000
2759.000000
2661.000000
2586.000000
2608.000000
2632.000000
2539.000000
2404.000000
2384.000000
2255.000000
2114.000000
2084.000000
1976.000000
1785.000000
1692.000000
1529.000000
1617.000000
1665.000000
1516.000000
1364.000000
1225.000000
1178.000000
1141.000000
1066.000000
1068.000000
1065.000000
1075.000000
1000.000000
1008.000000
1007.000000
968.000000
961.000000
977.000000
1045.000000
1042.000000
1024.000000
987.000000
966.000000
907.000000
879.000000
885.000000
747.000000
695.000000
687.000000
619.000000
598.000000
558.000000
537.000000
514.000000
453.000000
354.000000
330.000000
271.000000
234.000000
248.000000
173.000000
128.000000
117.000000
126.000000
144.000000
153.000000
127.000000
112.000000
116.000000
88.000000
57.000000
17.000000
0.000000
0.000000
0.000000
0.000000
0.000000
0.000000
0.000000
0.000000
0.000000
0.000000
0.000000
0.000000
0.000000
1.000000
0.000000
0.000000
0.000000
0.000000
0.000000
0.000000
0.000000
0.000000
0.000000
0.000000
0.000000
0.000000
1.000000
0.000000
0.000000
0.000000
0.000000
0.000000
0.000000
0.000000
0.000000
0.000000
0.000000
0.000000
0.000000
0.000000
0.000000
0.000000
0.000000
0.000000
0.000000
0.000000
0.000000
0.000000
0.000000
0.000000
0.000000
0.000000
0.000000
0.000000
0.000000
0.000000
0.000000
0.000000
0.000000
0.000000
0.000000
0.000000
0.000000
0.000000
0.000000
0.000000
0.000000
0.000000
0.000000
0.000000
0.000000
0.000000
0.000000
0.000000
0.000000
0.000000
0.000000
0.000000
0.000000
0.000000
0.000000
0.000000
0.000000
0.000000
0.000000
0.000000
0.000000
1.000000
0.000000
0.000000
0.000000
0.000000
0.000000
0.000000
0.000000
0.000000
0.000000
0.000000
0.000000
0.000000
0.000000
0.000000
0.000000
0.000000
0.000000
0.000000
0.000000
0.000000
0.000000
0.000000
0.000000
0.000000
0.000000
0.000000
0.000000
0.000000
0.000000
0.000000
0.000000
0.000000
0.000000
0.000000
0.000000
0.000000
0.000000
0.000000
0.000000
1.000000
0.000000
0.000000
0.000000
0.000000
0.000000
0.000000
0.000000
0.000000
0.000000
0.000000
0.000000
1.000000
0.000000
0.000000
0.000000
0.000000
0.000000
0.000000
0.000000
0.000000
0.000000
0.000000
0.000000
0.000000
0.000000
0.000000
0.000000
0.000000
0.000000
0.000000
0.000000
1.000000
0.000000
0.000000
0.000000
0.000000
0.000000
0.000000
0.000000
0.000000
0.000000
0.000000
0.000000
0.000000
0.000000
0.000000
0.000000
0.000000
0.000000
0.000000
0.000000
0.000000
0.000000
0.000000
0.000000
0.000000
0.000000
0.000000
0.000000
0.000000
0.000000
0.000000
0.000000
1.000000
0.000000
0.000000
0.000000
0.000000
0.000000
0.000000
0.000000
0.000000
0.000000
0.000000
0.000000
0.000000
0.000000
0.000000
0.000000
0.000000
0.000000
2.000000
12.000000
9.000000
7.000000
18.000000
19.000000
14.000000
16.000000
24.000000
41.000000
54.000000
106.000000
76.000000
83.000000
105.000000
113.000000
116.000000
117.000000
99.000000
105.000000
114.000000
0.000000
115.000000
134.000000
141.000000
185.000000
183.000000
343.000000
166.000000
151.000000
146.000000
120.000000
0.000000
108.000000
102.000000
110.000000
109.000000
96.000000
96.000000
95.000000
83.000000
90.000000
86.000000
82.000000
65.000000
57.000000
48.000000
51.000000
49.000000
43.000000
39.000000
24.000000
24.000000
29.000000
43.000000
46.000000
38.000000
39.000000
33.000000
39.000000
40.000000
36.000000
27.000000
28.000000
40.000000
39.000000
95.000000
125.000000
128.000000
143.000000
147.000000
193.000000
250.000000
268.000000
264.000000
314.000000
321.000000
340.000000
355.000000
366.000000
366.000000
389.000000
426.000000
409.000000
446.000000
454.000000
435.000000
467.000000
474.000000
482.000000
472.000000
473.000000
462.000000
443.000000
443.000000
481.000000
431.000000
425.000000
416.000000
436.000000
448.000000
473.000000
478.000000
499.000000
501.000000
499.000000
489.000000
472.000000
510.000000
500.000000
514.000000
500.000000
515.000000
506.000000
520.000000
521.000000
534.000000
552.000000
579.000000
543.000000
646.000000
713.000000
741.000000
751.000000
775.000000
810.000000
870.000000
866.000000
888.000000
915.000000
928.000000
925.000000
839.000000
856.000000
858.000000
881.000000
901.000000
924.000000
934.000000
912.000000
892.000000
857.000000
838.000000
810.000000
793.000000
837.000000
862.000000
885.000000
959.000000
975.000000
990.000000
1041.000000
1089.000000
1087.000000
1129.000000
1176.000000
1165.000000
1159.000000
1113.000000
1077.000000
1042.000000
1045.000000
1051.000000
1072.000000
1039.000000
976.000000
979.000000
1064.000000
1094.000000
1112.000000
1179.000000
1174.000000
1162.000000
1072.000000
1041.000000
1010.000000
1036.000000
1096.000000
1096.000000
1078.000000
1065.000000
1008.000000
1014.000000
1029.000000
1046.000000
1056.000000
1110.000000
1105.000000
1053.000000
1046.000000
1044.000000
1021.000000
1014.000000
1037.000000
1042.000000
1070.000000
1068.000000
1073.000000
1036.000000
1012.000000
973.000000
978.000000
957.000000
971.000000
981.000000
1009.000000
1049.000000
1072.000000
1083.000000
1104.000000
1111.000000
1097.000000
1089.000000
1099.000000
1111.000000
1091.000000
1105.000000
1076.000000
970.000000
895.000000
909.000000
949.000000
1009.000000
996.000000
955.000000
970.000000
956.000000
1040.000000
1128.000000
1213.000000
1295.000000
1383.000000
1460.000000
1575.000000
1688.000000
1729.000000
1884.000000
2005.000000
2001.000000
1957.000000
1872.000000
1710.000000
1687.000000
1796.000000
1946.000000
2263.000000
2491.000000
2632.000000
2640.000000
2902.000000
3038.000000
3092.000000
3060.000000
2826.000000
2761.000000
2646.000000
2599.000000
3934.000000
2421.000000
0.000000
2177.000000
2103.000000
2067.000000
2089.000000
2266.000000
2431.000000
2475.000000
2479.000000
2210.000000
2092.000000
1941.000000
1993.000000
1900.000000
1726.000000
1600.000000
1580.000000
1575.000000
1464.000000
1418.000000
1151.000000
906.000000
727.000000
783.000000
763.000000
632.000000
538.000000
428.000000
369.000000
339.000000
346.000000
337.000000
311.000000
282.000000
306.000000
325.000000
293.000000
298.000000
253.000000
297.000000
312.000000
351.000000
404.000000
445.000000
531.000000
585.000000
640.000000
732.000000
760.000000
808.000000
820.000000
855.000000
748.000000
777.000000
808.000000
797.000000
749.000000
747.000000
657.000000
561.000000
577.000000
539.000000
515.000000
489.000000
457.000000
379.000000
302.000000
233.000000
194.000000
181.000000
163.000000
142.000000
122.000000
141.000000
109.000000
98.000000
101.000000
132.000000
114.000000
117.000000
151.000000
96.000000
104.000000
103.000000
101.000000
94.000000
163.000000
96.000000
122.000000
165.000000
208.000000
201.000000
241.000000
177.000000
189.000000
176.000000
202.000000
217.000000
185.000000
239.000000
231.000000
158.000000
171.000000
137.000000
140.000000
180.000000
196.000000
150.000000
197.000000
222.000000
223.000000
258.000000
257.000000
301.000000
275.000000
250.000000
249.000000
264.000000
252.000000
236.000000
210.000000
210.000000
269.000000
306.000000
257.000000
236.000000
241.000000
266.000000
237.000000
264.000000
284.000000
334.000000
355.000000
341.000000
327.000000
343.000000
331.000000
337.000000
373.000000
417.000000
449.000000
542.000000
544.000000
566.000000
647.000000
695.000000
770.000000
864.000000
853.000000
888.000000
876.000000
885.000000
868.000000
865.000000
979.000000
1062.000000
1090.000000
1180.000000
1222.000000
1143.000000
1035.000000
1051.000000
1086.000000
1077.000000
1041.000000
1087.000000
1040.000000
999.000000
869.000000
729.000000
615.000000
695.000000
728.000000
723.000000
694.000000
667.000000
583.000000
582.000000
570.000000
610.000000
651.000000
648.000000
753.000000
747.000000
852.000000
963.000000
1022.000000
1077.000000
1134.000000
1146.000000
1147.000000
1172.000000
1135.000000
1065.000000
963.000000
1029.000000
1040.000000
1121.000000
1116.000000
1137.000000
1170.000000
1239.000000
1197.000000
1166.000000
1108.000000
1107.000000
1146.000000
1205.000000
1171.000000
1127.000000
1070.000000
1001.000000
911.000000
946.000000
897.000000
794.000000
659.000000
567.000000
522.000000
588.000000
600.000000
575.000000
1110.000000
551.000000
586.000000
576.000000
626.000000
661.000000
628.000000
697.000000
756.000000
832.000000
885.000000
945.000000
983.000000
1040.000000
996.000000
965.000000
949.000000
872.000000
852.000000
806.000000
802.000000
790.000000
834.000000
1036.000000
1185.000000
1259.000000
1391.000000
1383.000000
1414.000000
1359.000000
1198.000000
1124.000000
1043.000000
966.000000
1000.000000
1024.000000
978.000000
961.000000
1009.000000
1066.000000
1154.000000
1216.000000
1241.000000
1269.000000
1295.000000
1282.000000
1323.000000
1354.000000
1347.000000
1344.000000
1330.000000
1406.000000
1414.000000
1501.000000
1498.000000
1485.000000
1529.000000
1540.000000
1608.000000
1620.000000
1631.000000
1649.000000
1605.000000
1533.000000
1433.000000
1323.000000
1247.000000
1193.000000
1163.000000
1140.000000
1090.000000
1022.000000
1018.000000
1003.000000
972.000000
973.000000
883.000000
731.000000
688.000000
741.000000
815.000000
822.000000
817.000000
807.000000
758.000000
733.000000
694.000000
687.000000
673.000000
634.000000
600.000000
608.000000
591.000000
647.000000
599.000000
633.000000
0.000000
643.000000
669.000000
673.000000
682.000000
705.000000
690.000000
691.000000
729.000000
800.000000
854.000000
0.000000
1405.000000
868.000000
884.000000
870.000000
794.000000
778.000000
729.000000
681.000000
591.000000
491.000000
409.000000
352.000000
330.000000
273.000000
292.000000
293.000000
330.000000
375.000000
378.000000
447.000000
472.000000
488.000000
560.000000
662.000000
722.000000
805.000000
951.000000
1042.000000
1073.000000
1086.000000
1104.000000
1097.000000
1124.000000
1085.000000
1015.000000
979.000000
994.000000
974.000000
938.000000
879.000000
0.000000
1253.000000
662.000000
596.000000
534.000000
678.000000
773.000000
820.000000
870.000000
851.000000
1531.000000
1011.000000
1041.000000
1031.000000
1132.000000
1242.000000
1361.000000
1451.000000
1529.000000
1638.000000
1760.000000
2960.000000
2071.000000
2088.000000
0.000000
2190.000000
2227.000000
2201.000000
2179.000000
2246.000000
2112.000000
1927.000000
1829.000000
1852.000000
1808.000000
0.000000
1750.000000
1685.000000
1507.000000
1464.000000
1400.000000
1362.000000
1308.000000
1225.000000
1127.000000
1157.000000
1202.000000
1295.000000
1367.000000
1358.000000
1425.000000
1535.000000
1551.000000
1542.000000
1634.000000
1692.000000
1768.000000
1943.000000
1948.000000
1931.000000
1973.000000
2003.000000
2061.000000
2099.000000
2171.000000
2263.000000
2354.000000
2372.000000
2373.000000
2245.000000
2201.000000
2161.000000
2212.000000
2184.000000
2110.000000
2010.000000
1955.000000
1888.000000
1879.000000
1900.000000
1917.000000
1885.000000
1901.000000
1926.000000
1973.000000
2044.000000
2104.000000
2084.000000
1909.000000
1834.000000
1746.000000
2905.000000
0.000000
1757.000000
1775.000000
1819.000000
1893.000000
1961.000000
2021.000000
2045.000000
2081.000000
2079.000000
2137.000000
2234.000000
2277.000000
2345.000000
2339.000000
2276.000000
2185.000000
2102.000000
2077.000000
2037.000000
1991.000000
1911.000000
1879.000000
1789.000000
1739.000000
1713.000000
1713.000000
1661.000000
1653.000000
1666.000000
1680.000000
1726.000000
1743.000000
1755.000000
1633.000000
1585.000000
1562.000000
1515.000000
1398.000000
1235.000000
1122.000000
1066.000000
1099.000000
1108.000000
1101.000000
1111.000000
1133.000000
1207.000000
1325.000000
1433.000000
1415.000000
1386.000000
1365.000000
1333.000000
1256.000000
1178.000000
1109.000000
986.000000
847.000000
690.000000
614.000000
608.000000
600.000000
648.000000
653.000000
697.000000
694.000000
673.000000
691.000000
648.000000
608.000000
577.000000
523.000000
484.000000
512.000000
536.000000
516.000000
481.000000
487.000000
470.000000
472.000000
507.000000
534.000000
592.000000
644.000000
664.000000
633.000000
557.000000
543.000000
490.000000
435.000000
358.000000
305.000000
230.000000
160.000000
114.000000
84.000000
81.000000
82.000000
87.000000
94.000000
100.000000
97.000000
92.000000
70.000000
40.000000
9.000000
0.000000
0.000000
0.000000
0.000000
0.000000
0.000000
0.000000
0.000000
0.000000
0.000000
0.000000
0.000000
0.000000
0.000000
1.000000
0.000000
0.000000
0.000000
0.000000
0.000000
0.000000
0.000000
0.000000
0.000000
0.000000
0.000000
0.000000
0.000000
0.000000
0.000000
0.000000
0.000000
0.000000
0.000000
0.000000
0.000000
0.000000
0.000000
0.000000
0.000000
0.000000
0.000000
0.000000
0.000000
0.000000
0.000000
0.000000
0.000000
0.000000
0.000000
0.000000
0.000000
0.000000
0.000000
0.000000
0.000000
0.000000
0.000000
0.000000
0.000000
0.000000
0.000000
0.000000
0.000000
0.000000
0.000000
0.000000
0.000000
0.000000
0.000000
0.000000
0.000000
0.000000
0.000000
0.000000
0.000000
0.000000
0.000000
0.000000
0.000000
0.000000
0.000000
0.000000
0.000000
0.000000
0.000000
0.000000
0.000000
0.000000
0.000000
0.000000
0.000000
0.000000
0.000000
0.000000
0.000000
0.000000
0.000000
0.000000
0.000000
0.000000
0.000000
0.000000
0.000000
0.000000
0.000000
0.000000
0.000000
0.000000
0.000000
0.000000
0.000000
0.000000
0.000000
0.000000
0.000000
0.000000
0.000000
0.000000
0.000000
0.000000
0.000000
0.000000
0.000000
0.000000
0.000000
0.000000
0.000000
0.000000
0.000000
0.000000
0.000000
1.000000
0.000000
0.000000
0.000000
0.000000
0.000000
0.000000
0.000000
0.000000
0.000000
0.000000
0.000000
1.000000
0.000000
0.000000
0.000000
0.000000
0.000000
0.000000
0.000000
0.000000
0.000000
0.000000
0.000000
0.000000
0.000000
0.000000
0.000000
0.000000
0.000000
0.000000
0.000000
0.000000
0.000000
0.000000
0.000000
0.000000
0.000000
0.000000
0.000000
0.000000
0.000000
0.000000
0.000000
0.000000
0.000000
0.000000
0.000000
0.000000
0.000000
0.000000
0.000000
0.000000
0.000000
2.000000
5.000000
10.000000
15.000000
15.000000
16.000000
20.000000
26.000000
25.000000
33.000000
49.000000
49.000000
57.000000
60.000000
68.000000
64.000000
88.000000
81.000000
74.000000
63.000000
75.000000
89.000000
120.000000
133.000000
172.000000
197.000000
189.000000
142.000000
79.000000
107.000000
89.000000
102.000000
86.000000
92.000000
84.000000
83.000000
71.000000
59.000000
54.000000
47.000000
41.000000
29.000000
25.000000
15.000000
8.000000
5.000000
3.000000
0.000000
0.000000
0.000000
0.000000
0.000000
0.000000
0.000000
0.000000
3.000000
11.000000
22.000000
18.000000
27.000000
28.000000
30.000000
27.000000
35.000000
32.000000
27.000000
33.000000
19.000000
18.000000
25.000000
35.000000
54.000000
63.000000
72.000000
77.000000
75.000000
96.000000
108.000000
143.000000
128.000000
142.000000
158.000000
154.000000
152.000000
171.000000
165.000000
156.000000
148.000000
136.000000
131.000000
120.000000
112.000000
99.000000
75.000000
53.000000
36.000000
27.000000
26.000000
13.000000
11.000000
10.000000
11.000000
8.000000
4.000000
4.000000
7.000000
17.000000
22.000000
22.000000
23.000000
21.000000
9.000000
10.000000
4.000000
8.000000
6.000000
11.000000
17.000000
20.000000
32.000000
35.000000
44.000000
47.000000
63.000000
77.000000
89.000000
92.000000
96.000000
90.000000
90.000000
95.000000
84.000000
83.000000
91.000000
95.000000
89.000000
82.000000
79.000000
72.000000
71.000000
80.000000
76.000000
70.000000
72.000000
53.000000
45.000000
46.000000
45.000000
39.000000
34.000000
29.000000
34.000000
51.000000
96.000000
171.000000
191.000000
223.000000
264.000000
272.000000
280.000000
255.000000
264.000000
246.000000
249.000000
252.000000
294.000000
337.000000
367.000000
411.000000
428.000000
500.000000
581.000000
599.000000
633.000000
638.000000
652.000000
677.000000
716.000000
758.000000
720.000000
764.000000
766.000000
739.000000
749.000000
772.000000
762.000000
751.000000
720.000000
714.000000
752.000000
757.000000
828.000000
961.000000
1008.000000
1008.000000
1005.000000
1009.000000
968.000000
995.000000
1026.000000
986.000000
1000.000000
980.000000
994.000000
932.000000
929.000000
954.000000
937.000000
949.000000
962.000000
972.000000
1013.000000
1089.000000
1072.000000
1073.000000
1064.000000
930.000000
956.000000
992.000000
989.000000
1005.000000
971.000000
936.000000
899.000000
914.000000
906.000000
889.000000
844.000000
852.000000
832.000000
903.000000
972.000000
966.000000
923.000000
902.000000
873.000000
905.000000
905.000000
911.000000
940.000000
946.000000
922.000000
890.000000
912.000000
898.000000
951.000000
974.000000
997.000000
1053.000000
1028.000000
1011.000000
947.000000
859.000000
890.000000
901.000000
895.000000
890.000000
904.000000
884.000000
877.000000
867.000000
850.000000
824.000000
771.000000
764.000000
775.000000
757.000000
794.000000
820.000000
826.000000
809.000000
772.000000
720.000000
762.000000
753.000000
804.000000
754.000000
726.000000
729.000000
755.000000
808.000000
828.000000
797.000000
803.000000
800.000000
1227.000000
758.000000
748.000000
0.000000
770.000000
788.000000
737.000000
695.000000
641.000000
649.000000
626.000000
597.000000
557.000000
559.000000
552.000000
546.000000
573.000000
598.000000
603.000000
582.000000
597.000000
636.000000
646.000000
655.000000
644.000000
694.000000
720.000000
700.000000
647.000000
640.000000
618.000000
622.000000
636.000000
662.000000
673.000000
677.000000
669.000000
649.000000
653.000000
693.000000
675.000000
622.000000
599.000000
603.000000
592.000000
588.000000
559.000000
535.000000
545.000000
514.000000
520.000000
549.000000
529.000000
500.000000
519.000000
530.000000
504.000000
479.000000
455.000000
452.000000
485.000000
473.000000
445.000000
421.000000
424.000000
459.000000
476.000000
495.000000
499.000000
516.000000
519.000000
525.000000
519.000000
503.000000
492.000000
479.000000
494.000000
492.000000
471.000000
447.000000
408.000000
407.000000
421.000000
406.000000
375.000000
320.000000
308.000000
319.000000
321.000000
320.000000
260.000000
212.000000
194.000000
211.000000
223.000000
214.000000
179.000000
153.000000
150.000000
161.000000
141.000000
113.000000
108.000000
81.000000
60.000000
82.000000
110.000000
127.000000
138.000000
121.000000
110.000000
87.000000
96.000000
43.000000
24.000000
16.000000
6.000000
25.000000
48.000000
119.000000
181.000000
325.000000
449.000000
588.000000
650.000000
651.000000
656.000000
673.000000
750.000000
822.000000
938.000000
1040.000000
1184.000000
1214.000000
1218.000000
1133.000000
1148.000000
1069.000000
1064.000000
1076.000000
1179.000000
1220.000000
1205.000000
1180.000000
1155.000000
1117.000000
1099.000000
1053.000000
1065.000000
1086.000000
1127.000000
1133.000000
1098.000000
1075.000000
1035.000000
1025.000000
1082.000000
1181.000000
1265.000000
1262.000000
1235.000000
1198.000000
1181.000000
1189.000000
1242.000000
1189.000000
1223.000000
1180.000000
1134.000000
1064.000000
1042.000000
1031.000000
1030.000000
1065.000000
1118.000000
1205.000000
1212.000000
1173.000000
1166.000000
1105.000000
1084.000000
1119.000000
1150.000000
1181.000000
1134.000000
1147.000000
1126.000000
1165.000000
1117.000000
1125.000000
1126.000000
1076.000000
1130.000000
1227.000000
1298.000000
1311.000000
1317.000000
1285.000000
1297.000000
1346.000000
1357.000000
1365.000000
1363.000000
1323.000000
1250.000000
1222.000000
1139.000000
1180.000000
1199.000000
1292.000000
1325.000000
1372.000000
1352.000000
1283.000000
1201.000000
1162.000000
1226.000000
1268.000000
1280.000000
1277.000000
1259.000000
1216.000000
1207.000000
1167.000000
1143.000000
1145.000000
1221.000000
1308.000000
1389.000000
1323.000000
1269.000000
1231.000000
1266.000000
1395.000000
1374.000000
1391.000000
1352.000000
1296.000000
1234.000000
1249.000000
1223.000000
1350.000000
1526.000000
1711.000000
1841.000000
1923.000000
1942.000000
1953.000000
1939.000000
1960.000000
1975.000000
1981.000000
1908.000000
1877.000000
1757.000000
1685.000000
1653.000000
1684.000000
1648.000000
1598.000000
1571.000000
1549.000000
1564.000000
2694.000000
1551.000000
1553.000000
1666.000000
1626.000000
1646.000000
1670.000000
1681.000000
1647.000000
1572.000000
1512.000000
1527.000000
1536.000000
1543.000000
1355.000000
1244.000000
1227.000000
1220.000000
1217.000000
1175.000000
1195.000000
1292.000000
1284.000000
1193.000000
1115.000000
1022.000000
947.000000
892.000000
860.000000
846.000000
835.000000
861.000000
935.000000
895.000000
854.000000
929.000000
999.000000
1096.000000
1051.000000
1022.000000
1023.000000
1050.000000
1047.000000
986.000000
947.000000
988.000000
962.000000
914.000000
929.000000
1013.000000
1052.000000
1002.000000
996.000000
966.000000
985.000000
980.000000
1019.000000
1058.000000
1063.000000
1018.000000
1006.000000
1037.000000
1103.000000
1086.000000
994.000000
865.000000
892.000000
928.000000
897.000000
847.000000
822.000000
815.000000
807.000000
754.000000
743.000000
745.000000
743.000000
724.000000
683.000000
649.000000
683.000000
661.000000
