0
6
25
33
44
45
41
43
47
50
78
95
105
111
115
137
154
184
179
176
174
205
274
294
289
306
337
363
378
400
401
429
583
731
875
1056
1206
1436
1605
1751
1792
1775
1785
1767
1754
1743
1727
1699
1601
1667
1726
1722
1695
1680
1652
1480
1305
1234
1127
1051
1027
1079
1055
990
1057
1077
1066
1033
1029
1032
974
897
860
839
812
827
855
840
918
917
919
918
927
951
971
981
965
926
869
838
785
821
878
843
840
804
806
773
751
774
803
794
787
766
777
725
763
810
800
717
640
568
492
433
349
267
209
174
132
87
82
84
82
84
79
76
69
69
68
70
69
69
67
65
64
63
62
63
63
63
63
63
63
63
63
62
61
61
60
60
60
60
60
60
61
61
62
62
62
62
62
63
62
62
59
59
57
59
59
60
61
63
63
64
62
63
62
60
56
60
60
56
56
56
53
53
53
53
52
54
57
57
58
58
58
57
56
56
55
54
54
56
56
56
57
57
57
58
58
61
60
59
59
59
58
58
58
58
60
61
58
60
57
54
55
53
53
54
54
54
53
53
53
53
53
54
56
53
56
61
64
64
72
72
75
74
70
53
29
28
34
35
41
41
41
41
42
42
42
42
41
42
42
42
42
42
43
42
42
42
42
42
42
42
42
42
42
44
46
45
44
43
42
42
42
42
42
42
41
41
41
42
41
41
41
40
39
40
40
40
40
40
40
40
40
40
40
41
40
39
38
40
37
44
47
47
48
47
48
51
53
55
57
56
54
54
52
54
55
56
58
59
58
59
60
61
59
60
62
63
63
63
62
62
62
62
62
63
63
63
63
63
63
63
63
60
58
57
57
55
56
56
56
56
58
56
56
56
55
53
54
53
52
51
51
50
47
45
47
47
47
48
47
47
47
47
47
47
47
47
47
47
47
47
47
47
47
46
46
46
46
46
46
44
44
44
44
44
44
43
45
45
49
47
45
45
43
45
47
47
48
48
49
44
46
48
46
42
36
34
32
31
28
27
30
29
29
22
22
18
11
14
16
22
28
35
44
62
109
121
117
113
126
125
139
140
161
160
165
157
152
146
141
150
186
211
254
278
295
285
293
303
319
325
342
354
382
378
408
408
415
383
353
357
434
507
553
589
607
645
687
746
771
805
839
859
908
951
1021
1109
1207
1236
1273
1364
1415
1432
1468
1493
1585
1670
1727
1805
1886
1965
1971
2004
2056
2148
2302
2505
2736
2912
3056
3211
3427
3578
3656
3721
3790
3914
3939
3934
3886
3807
3748
3747
3778
3818
3772
3758
3891
3873
3844
3846
3859
3854
3877
3885
3843
3718
3721
3620
3567
3580
3692
3698
3648
3601
3583
3597
3605
3661
3583
3542
3465
3411
3308
3187
3156
3051
2959
3017
3147
3177
3214
3256
3226
3260
3289
3267
3196
3160
3054
2972
2928
2951
2988
2978
2978
3027
3098
3160
3230
3247
3249
3226
3240
3258
3254
3278
3237
3218
3181
3099
2964
2827
2691
2472
2361
2472
2535
2438
2324
2198
2130
2096
2030
1986
1910
1792
1701
1623
1593
1580
1524
1508
1554
1599
1633
1616
1617
1622
1621
1592
1550
1483
1409
1321
1225
1132
1044
959
870
778
661
620
640
591
493
436
402
383
355
329
296
262
239
205
153
113
107
107
107
107
107
107
107
106
106
106
106
106
106
106
106
106
106
106
106
106
106
106
106
106
106
106
106
105
105
105
105
105
105
105
105
105
105
105
106
105
107
107
107
106
106
106
106
106
106
106
106
106
102
102
102
102
102
102
102
102
102
102
102
102
102
102
102
102
102
102
102
102
102
102
102
102
102
102
102
102
102
102
102
102
102
102
102
102
102
102
103
103
103
103
103
103
100
103
103
103
103
103
103
103
103
103
103
103
103
103
103
103
103
103
103
103
103
103
103
103
101
103
103
101
101
101
100
100
100
102
102
102
102
102
102
100
95
95
93
93
93
93
93
94
94
94
93
93
93
93
91
90
89
89
89
89
89
87
86
85
86
86
86
86
86
86
86
86
85
86
85
85
85
85
84
84
84
84
84
84
84
84
84
84
84
84
83
83
82
82
82
82
82
82
82
82
82
82
82
82
82
82
81
81
81
81
81
81
79
79
77
66
62
56
57
62
68
71
72
81
84
85
85
85
83
90
90
98
100
102
106
106
106
107
93
106
86
100
99
101
98
96
97
94
92
95
100
104
99
104
103
107
106
105
100
99
101
98
95
92
93
93
93
92
92
94
96
99
97
97
97
96
96
95
94
93
85
95
104
123
116
111
97
86
89
93
94
96
84
82
74
81
70
70
63
68
70
87
93
116
129
140
131
140
149
162
145
128
124
134
135
151
144
149
151
152
159
166
172
177
188
194
206
222
218
224
237
255
328
399
444
464
481
518
567
598
669
769
863
969
1089
1189
1284
1359
1424
1477
1468
1444
1440
1403
1382
1416
1442
1470
1509
1531
1553
1555
1568
1568
1577
1593
1640
1669
1726
1760
1782
1817
1832
1849
1854
1907
1949
1957
1956
1963
1959
1995
2051
2104
2134
2118
2074
2042
2042
2079
2100
2122
2154
2158
2153
2150
2129
2117
2098
2082
2064
2042
2005
2017
2049
2055
2066
2070
2078
2052
2062
2073
2083
2073
2095
2122
2186
2274
2411
2521
2648
2680
2729
2772
2823
2821
2790
2805
2869
2941
3015
3056
3098
3121
3120
3100
3079
3074
3082
3064
3075
3162
3246
3333
3384
3428
3403
3385
3359
3382
3390
3256
3085
2927
2730
2590
2509
2431
2319
2325
2384
2350
2377
2441
2515
2587
2718
2723
2786
2977
3161
3149
3217
3214
3343
3409
3368
3378
3333
3347
3284
3244
3197
3197
3212
3164
3042
2895
2826
2749
2692
2758
2799
2799
2805
2864
2904
2940
2961
2979
2987
2999
3033
3027
3031
2975
2965
2935
2939
2952
2999
3028
3063
3092
3149
3174
3234
3289
3337
3424
3487
3600
3673
3788
3866
3931
4029
4077
4112
4125
4172
4191
4251
4265
4335
4340
4340
4285
4286
4267
4259
4243
4217
4203
4191
4197
4187
4166
4168
4179
4188
4168
4154
4148
4156
4152
4161
4151
4159
4132
4139
4152
4159
4156
4133
4098
4081
4070
4090
4069
4062
4027
3996
3994
3986
3944
3941
3931
3949
3930
3931
3946
3961
3975
3970
3997
4000
4006
4016
4030
4058
4075
4097
4126
4159
4161
4157
4172
4185
4187
4189
4193
4240
4233
4240
4223
4246
4210
4205
4191
4206
4183
4171
4131
4102
4068
4020
3929
3875
3797
3769
3744
3727
3694
3602
3591
3615
3658
3806
3835
3892
3994
4020
4064
4129
4117
4137
4158
4145
4141
4048
4014
3996
3953
3915
3879
3883
3827
3813
3813
3791
3826
3825
3842
3845
3832
3855
3847
3812
3751
3743
3724
3734
3750
3743
3703
3685
3663
3682
3715
3651
3651
3635
3576
3478
3465
3411
3307
3237
3235
3248
3238
3230
3254
3247
3232
3230
3203
3197
3153
3163
3160
3142
3136
3129
3078
3079
3045
2978
2953
2880
2852
2848
2849
2822
2842
2834
2838
2788
2814
2789
2749
2717
2695
2712
2749
2771
2750
2769
2742
2715
2705
2661
2605
2564
2438
2445
2433
2385
2389
2381
2357
2284
2253
2218
2195
2175
2155
2166
2180
2254
2300
2358
2439
2476
2512
2539
2543
2523
2499
2487
2494
2513
2523
2542
2558
2542
2539
2542
2495
2501
2513
2554
2541
2536
2537
2520
2498
2497
2475
2485
2484
2438
2448
2445
2437
2437
2375
2351
2328
2320
2285
2254
2207
2173
2106
2064
1999
1960
1918
1887
1889
1855
1845
1806
1743
1726
1678
1654
1618
1577
1564
1564
1521
1524
1532
1554
1545
1533
1546
1526
1512
1515
1522
1542
1567
1579
1589
1605
1625
1616
1626
1624
1652
1639
1635
1605
1615
1587
1592
1611
1624
1628
1616
1655
1687
1698
1646
1637
1571
1543
1493
1442
1440
1384
1378
1375
1388
1416
1440
1477
1529
1600
1711
1762
1870
1961
2026
2057
2093
2163
2268
2352
2393
2450
2482
2464
2459
2496
2545
2669
2749
2767
2839
2852
2837
2884
2897
2900
2949
2910
2890
2908
2937
2911
2851
2845
2849
2835
2839
2822
2814
2797
2790
2814
2888
2898
2921
2947
3000
3038
3007
3039
3092
3128
3162
3178
3242
3313
3346
3410
3464
3479
3464
3474
3503
3478
3350
3253
3256
3368
3443
3443
3437
3437
3418
3403
3366
3292
3239
3228
3173
3088
3009
2895
2893
2900
2897
2946
2945
2896
2834
2817
2907
2943
2996
3067
3107
3164
3138
3109
3023
2943
2898
2830
2693
2616
2621
2652
2686
2639
2585
2530
2474
2427
2426
2375
2352
2335
2274
2189
2128
2016
1973
1847
1765
1677
1575
1471
1380
1259
1168
1078
997
886
761
681
566
519
497
488
475
439
432
401
361
332
330
326
322
308
299
279
270
229
200
173
158
143
149
159
180
182
196
194
201
181
174
168
167
161
139
94
98
96
87
61
47
42
43
37
47
52
52
45
42
42
44
45
49
51
49
52
52
53
51
57
58
62
63
63
63
64
62
70
73
79
81
87
94
94
93
97
102
103
105
108
107
107
105
106
106
109
109
111
111
111
109
111
111
112
111
111
111
111
111
112
112
112
112
113
113
113
113
114
114
114
112
114
114
114
112
114
112
114
114
114
114
114
114
114
112
112
112
114
112
112
112
114
112
112
112
114
112
112
111
113
111
113
113
113
113
113
111
113
111
111
111
113
111
111
111
113
109
109
109
105
105
105
105
105
105
105
105
105
106
106
106
106
106
106
106
105
105
105
105
105
105
105
105
105
108
109
108
107
107
107
107
107
105
104
104
104
98
98
98
96
94
94
91
88
88
87
87
83
81
78
78
77
78
78
75
73
73
73
73
73
74
73
71
68
71
68
69
66
67
67
67
65
62
62
63
61
63
68
69
68
68
66
69
68
74
77
79
78
79
79
80
80
81
77
77
77
75
78
79
84
85
88
67
66
68
66
67
73
82
83
81
83
87
90
90
95
92
93
97
100
99
101
99
101
103
105
102
105
106
104
104
103
104
104
103
105
100
99
101
107
101
102
105
104
104
102
103
102
104
98
95
93
89
85
87
84
80
83
78
77
66
64
59
58
55
53
49
57
50
56
53
53
46
36
39
38
39
36
36
34
35
35
35
35
36
36
37
39
36
38
39
42
42
42
44
44
44
42
42
43
45
45
45
45
45
47
48
53
55
57
59
64
65
69
66
68
68
75
77
83
90
108
109
116
114
119
118
120
117
122
123
125
126
135
169
255
342
403
424
450
488
521
556
590
646
719
807
935
1050
1120
1199
1251
1277
1292
1299
1334
1417
1508
1579
1633
1656
1666
1669
1670
1660
1681
1695
1692
1682
1705
1741
1782
1826
1797
1780
1786
1786
1828
1832
1866
1877
1863
1865
1862
1840
1796
1786
1806
1845
1844
1881
1942
1990
2012
2012
1982
1955
1962
1934
1910
1876
1854
1816
1778
1766
1740
1706
1637
1623
1673
1774
1839
1855
1851
1861
1876
1899
1885
1904
1909
1887
1874
1869
1856
1836
1837
1823
1877
1934
1934
1939
1927
1912
1892
1877
1874
1875
1872
1876
1861
1907
1921
1942
1964
1946
1934
1968
2047
2105
2125
2170
2195
2236
2246
2264
2262
2263
2245
2236
2227
2251
2258
2273
2302
2330
2333
2289
2269
2257
2256
2232
2192
2136
2098
2076
2054
2041
2003
1969
1969
2006
2049
2059
2074
2069
2092
2117
2125
2131
2132
2121
2125
2075
2043
1991
1904
1818
1720
1604
1501
1393
1299
1265
1254
1242
1191
1137
1078
1006
935
866
816
751
689
650
611
563
539
538
544
513
487
484
470
458
450
439
419
392
360
332
318
313
312
343
366
368
381
369
344
328
324
323
311
299
282
272
264
265
267
256
253
233
230
215
206
202
198
193
198
186
170
152
135
124
123
122
121
122
121
121
124
131
149
164
170
179
186
189
188
189
189
189
193
205
252
319
440
570
591
635
682
759
828
875
922
922
948
942
898
879
836
810
782
783
826
856
856
862
883
869
854
831
831
837
857
853
847
827
758
691
716
816
878
862
885
928
921
920
909
919
896
874
825
779
737
695
637
605
628
681
688
705
738
754
764
779
774
757
708
692
655
654
670
669
680
634
626
672
736
754
757
721
731
701
692
682
656
680
638
684
694
783
840
974
1165
1311
1411
1456
1505
1565
1600
1606
1586
1557
1530
1487
1463
1432
1428
1401
1448
1524
1545
1505
1432
1361
1307
1258
1189
1179
1140
1041
946
839
783
733
757
860
970
1044
1136
1186
1174
1157
1130
1099
1076
1066
1053
1011
957
1027
1011
982
1019
1036
1067
1061
1023
1004
1001
1011
951
990
1041
1014
977
1005
984
998
990
980
1008
1018
1014
967
901
906
931
933
925
946
957
963
986
944
965
958
980
996
1062
1088
1121
1249
1340
1336
1286
1260
1287
1339
1418
1445
1427
1457
1526
1560
1550
1620
1672
1700
1691
1711
1715
1709
1709
1676
1665
1628
1577
1548
1568
1540
1481
1498
1572
1551
1534
1492
1469
1399
1278
1165
1040
921
816
690
688
695
734
741
