0.000000
0.000000
0.000000
0.000000
0.000000
0.000000
0.000000
0.000000
0.000000
0.000000
0.000000
0.000000
0.000000
0.000000
0.000000
0.000000
0.000000
0.000000
0.000000
0.000000
0.000000
0.000000
0.000000
0.000000
0.000000
0.000000
0.000000
0.000000
0.000000
0.000000
0.000000
0.000000
0.000000
0.000000
0.000000
0.000000
0.000000
0.000000
0.000000
0.000000
0.000000
0.000000
0.000000
0.000000
0.000000
0.000000
0.000000
0.000000
0.000000
0.000000
0.000000
0.000000
0.000000
0.000000
0.000000
0.000000
0.000000
0.000000
0.000000
0.000000
0.000000
0.000000
0.000000
0.000000
0.000000
0.000000
0.000000
0.000000
0.000000
0.000000
0.000000
0.000000
0.000000
0.000000
0.000000
0.000000
0.000000
0.000000
0.000000
0.000000
0.000000
0.000000
0.000000
0.000000
0.000000
0.000000
0.000000
0.000000
0.000000
0.000000
0.000000
0.000000
0.000000
0.000000
0.000000
0.000000
0.000000
0.000000
0.000000
52.000000
107.000000
133.000000
145.000000
96.000000
79.000000
121.000000
127.000000
202.000000
351.000000
589.000000
922.000000
1374.000000
1488.000000
1646.000000
1774.000000
1766.000000
1800.000000
1857.000000
1741.000000
1666.000000
1632.000000
1669.000000
1471.000000
1529.000000
1780.000000
2139.000000
2126.000000
2083.000000
1978.000000
2079.000000
2133.000000
2351.000000
2426.000000
2311.000000
2131.000000
2004.000000
2009.000000
2029.000000
2100.000000
2268.000000
2377.000000
2335.000000
2115.000000
2059.000000
1949.000000
1861.000000
1792.000000
1688.000000
1814.000000
1863.000000
1760.000000
1667.000000
1510.000000
1256.000000
1082.000000
1033.000000
1003.000000
997.000000
1059.000000
1021.000000
1041.000000
967.000000
862.000000
772.000000
712.000000
721.000000
716.000000
720.000000
753.000000
755.000000
718.000000
669.000000
738.000000
832.000000
842.000000
856.000000
901.000000
861.000000
826.000000
675.000000
511.000000
366.000000
248.000000
207.000000
116.000000
78.000000
104.000000
109.000000
87.000000
73.000000
96.000000
100.000000
89.000000
82.000000
69.000000
51.000000
38.000000
40.000000
34.000000
28.000000
39.000000
25.000000
19.000000
23.000000
41.000000
25.000000
10.000000
0.000000
3.000000
11.000000
22.000000
25.000000
12.000000
10.000000
8.000000
21.000000
34.000000
49.000000
44.000000
49.000000
49.000000
60.000000
69.000000
64.000000
51.000000
64.000000
75.000000
69.000000
44.000000
16.000000
1.000000
4.000000
2.000000
2.000000
2.000000
0.000000
0.000000
0.000000
0.000000
0.000000
0.000000
0.000000
0.000000
0.000000
0.000000
0.000000
0.000000
0.000000
2.000000
0.000000
0.000000
0.000000
2.000000
4.000000
2.000000
2.000000
1.000000
0.000000
4.000000
8.000000
12.000000
15.000000
12.000000
8.000000
5.000000
2.000000
1.000000
3.000000
3.000000
0.000000
0.000000
2.000000
3.000000
8.000000
9.000000
9.000000
12.000000
13.000000
12.000000
13.000000
17.000000
15.000000
14.000000
12.000000
7.000000
5.000000
3.000000
2.000000
3.000000
1.000000
0.000000
1.000000
0.000000
0.000000
0.000000
0.000000
0.000000
1.000000
1.000000
5.000000
7.000000
14.000000
11.000000
10.000000
9.000000
10.000000
11.000000
9.000000
4.000000
0.000000
0.000000
0.000000
0.000000
3.000000
4.000000
2.000000
2.000000
0.000000
2.000000
1.000000
3.000000
8.000000
8.000000
10.000000
8.000000
0.000000
0.000000
2.000000
5.000000
2.000000
2.000000
2.000000
1.000000
7.000000
5.000000
2.000000
1.000000
1.000000
0.000000
0.000000
0.000000
0.000000
0.000000
0.000000
0.000000
0.000000
0.000000
0.000000
0.000000
0.000000
0.000000
0.000000
0.000000
0.000000
0.000000
0.000000
0.000000
0.000000
0.000000
0.000000
0.000000
0.000000
0.000000
0.000000
0.000000
0.000000
0.000000
0.000000
0.000000
0.000000
0.000000
0.000000
0.000000
0.000000
0.000000
0.000000
0.000000
0.000000
0.000000
0.000000
1.000000
0.000000
0.000000
0.000000
0.000000
0.000000
1.000000
0.000000
3.000000
5.000000
1.000000
1.000000
0.000000
0.000000
0.000000
0.000000
0.000000
0.000000
0.000000
0.000000
0.000000
0.000000
0.000000
1.000000
0.000000
0.000000
0.000000
0.000000
2.000000
2.000000
1.000000
2.000000
0.000000
1.000000
0.000000
0.000000
0.000000
2.000000
0.000000
0.000000
0.000000
1.000000
1.000000
0.000000
0.000000
1.000000
0.000000
0.000000
0.000000
0.000000
0.000000
0.000000
0.000000
0.000000
0.000000
0.000000
0.000000
0.000000
0.000000
0.000000
0.000000
0.000000
0.000000
0.000000
0.000000
0.000000
0.000000
0.000000
1.000000
0.000000
1.000000
2.000000
2.000000
5.000000
5.000000
0.000000
0.000000
4.000000
5.000000
0.000000
0.000000
0.000000
0.000000
0.000000
0.000000
0.000000
0.000000
0.000000
0.000000
0.000000
0.000000
0.000000
0.000000
0.000000
0.000000
0.000000
0.000000
1.000000
1.000000
0.000000
1.000000
4.000000
5.000000
3.000000
0.000000
0.000000
0.000000
0.000000
0.000000
0.000000
0.000000
0.000000
0.000000
0.000000
0.000000
0.000000
0.000000
0.000000
0.000000
0.000000
0.000000
0.000000
0.000000
0.000000
0.000000
0.000000
0.000000
0.000000
0.000000
0.000000
0.000000
0.000000
0.000000
0.000000
0.000000
0.000000
0.000000
0.000000
0.000000
0.000000
0.000000
0.000000
0.000000
0.000000
0.000000
0.000000
0.000000
0.000000
0.000000
0.000000
1.000000
0.000000
0.000000
0.000000
0.000000
0.000000
1.000000
5.000000
0.000000
0.000000
1.000000
1.000000
0.000000
0.000000
0.000000
0.000000
0.000000
0.000000
0.000000
0.000000
0.000000
0.000000
0.000000
0.000000
0.000000
0.000000
0.000000
0.000000
0.000000
0.000000
0.000000
0.000000
0.000000
0.000000
0.000000
0.000000
0.000000
0.000000
0.000000
0.000000
0.000000
0.000000
0.000000
0.000000
0.000000
0.000000
0.000000
0.000000
0.000000
0.000000
0.000000
0.000000
0.000000
0.000000
0.000000
0.000000
0.000000
0.000000
0.000000
0.000000
0.000000
0.000000
0.000000
0.000000
0.000000
0.000000
0.000000
0.000000
0.000000
0.000000
0.000000
0.000000
0.000000
0.000000
0.000000
0.000000
0.000000
0.000000
0.000000
0.000000
0.000000
0.000000
0.000000
2.000000
3.000000
16.000000
0.000000
1.000000
0.000000
0.000000
0.000000
0.000000
72.000000
260.000000
326.000000
453.000000
758.000000
1040.000000
1471.000000
1756.000000
1853.000000
1809.000000
1960.000000
2199.000000
2438.000000
2641.000000
2743.000000
2963.000000
3297.000000
3626.000000
3726.000000
3945.000000
4010.000000
4151.000000
4405.000000
4648.000000
4764.000000
5018.000000
5194.000000
5200.000000
5060.000000
4974.000000
4915.000000
4736.000000
4772.000000
4916.000000
5100.000000
5326.000000
5457.000000
5387.000000
5263.000000
5238.000000
5411.000000
5729.000000
6055.000000
6138.000000
6266.000000
6202.000000
6023.000000
6013.000000
6223.000000
6270.000000
6474.000000
6596.000000
6550.000000
6529.000000
6579.000000
6679.000000
6509.000000
6427.000000
6351.000000
6425.000000
6340.000000
6201.000000
6073.000000
5842.000000
5504.000000
5379.000000
5223.000000
5248.000000
4975.000000
4775.000000
4726.000000
4856.000000
4818.000000
4743.000000
4490.000000
4525.000000
4249.000000
4222.000000
4172.000000
4242.000000
4136.000000
3854.000000
3373.000000
3069.000000
2712.000000
2421.000000
2300.000000
2171.000000
2358.000000
2497.000000
2709.000000
2745.000000
2813.000000
2787.000000
2697.000000
2606.000000
2437.000000
2609.000000
2677.000000
2744.000000
2692.000000
2526.000000
2324.000000
2135.000000
1980.000000
1801.000000
1681.000000
1553.000000
1484.000000
1378.000000
1398.000000
1477.000000
1428.000000
1295.000000
1038.000000
733.000000
519.000000
390.000000
301.000000
210.000000
155.000000
199.000000
241.000000
277.000000
324.000000
360.000000
439.000000
517.000000
643.000000
774.000000
907.000000
907.000000
901.000000
874.000000
858.000000
908.000000
1128.000000
1228.000000
1098.000000
1097.000000
1105.000000
1060.000000
936.000000
828.000000
806.000000
660.000000
479.000000
437.000000
462.000000
378.000000
271.000000
167.000000
141.000000
202.000000
230.000000
262.000000
318.000000
324.000000
339.000000
351.000000
436.000000
523.000000
685.000000
868.000000
936.000000
916.000000
952.000000
791.000000
566.000000
463.000000
451.000000
477.000000
606.000000
621.000000
696.000000
864.000000
1039.000000
1250.000000
1371.000000
1498.000000
1590.000000
1508.000000
1376.000000
1150.000000
1167.000000
1039.000000
879.000000
745.000000
577.000000
448.000000
380.000000
242.000000
190.000000
261.000000
380.000000
578.000000
612.000000
623.000000
492.000000
357.000000
317.000000
306.000000
306.000000
296.000000
239.000000
157.000000
114.000000
89.000000
72.000000
71.000000
68.000000
71.000000
65.000000
56.000000
60.000000
57.000000
61.000000
112.000000
171.000000
240.000000
354.000000
431.000000
479.000000
476.000000
406.000000
294.000000
249.000000
248.000000
295.000000
323.000000
249.000000
230.000000
224.000000
204.000000
169.000000
188.000000
238.000000
311.000000
397.000000
495.000000
567.000000
627.000000
633.000000
630.000000
648.000000
670.000000
698.000000
732.000000
761.000000
757.000000
782.000000
766.000000
770.000000
813.000000
786.000000
789.000000
805.000000
827.000000
836.000000
832.000000
773.000000
790.000000
752.000000
691.000000
551.000000
500.000000
453.000000
384.000000
359.000000
306.000000
251.000000
187.000000
174.000000
282.000000
378.000000
454.000000
541.000000
606.000000
695.000000
818.000000
925.000000
916.000000
905.000000
884.000000
905.000000
924.000000
916.000000
878.000000
831.000000
787.000000
746.000000
709.000000
672.000000
626.000000
596.000000
537.000000
505.000000
566.000000
726.000000
831.000000
922.000000
1082.000000
1217.000000
1286.000000
1322.000000
1308.000000
1252.000000
1225.000000
1130.000000
1096.000000
1091.000000
1052.000000
1070.000000
1088.000000
1118.000000
1132.000000
1090.000000
1018.000000
902.000000
777.000000
847.000000
792.000000
785.000000
718.000000
687.000000
638.000000
604.000000
638.000000
924.000000
1292.000000
1661.000000
1861.000000
2138.000000
2385.000000
2591.000000
2744.000000
3018.000000
3329.000000
3542.000000
3839.000000
3871.000000
3771.000000
3574.000000
3470.000000
3364.000000
3206.000000
2861.000000
2272.000000
1657.000000
1548.000000
1679.000000
1812.000000
1826.000000
1654.000000
1263.000000
886.000000
857.000000
907.000000
995.000000
943.000000
889.000000
837.000000
1048.000000
1387.000000
1603.000000
1829.000000
1956.000000
1974.000000
2080.000000
2237.000000
2307.000000
2140.000000
2037.000000
2030.000000
2008.000000
2126.000000
2205.000000
2266.000000
2310.000000
2358.000000
2341.000000
2477.000000
2626.000000
2834.000000
2911.000000
2951.000000
2930.000000
2883.000000
2924.000000
3017.000000
2969.000000
2912.000000
2491.000000
1878.000000
1511.000000
1605.000000
1886.000000
2036.000000
2059.000000
2117.000000
2018.000000
1776.000000
1737.000000
1564.000000
1484.000000
1579.000000
1731.000000
1727.000000
1315.000000
806.000000
807.000000
1022.000000
1198.000000
1323.000000
1422.000000
1516.000000
1684.000000
1702.000000
1639.000000
1643.000000
1915.000000
1985.000000
1853.000000
1926.000000
2288.000000
2749.000000
2794.000000
2807.000000
2704.000000
2793.000000
2696.000000
2548.000000
2359.000000
2051.000000
1527.000000
1632.000000
1407.000000
1499.000000
1727.000000
1827.000000
1552.000000
1231.000000
1154.000000
975.000000
604.000000
522.000000
554.000000
594.000000
554.000000
521.000000
561.000000
572.000000
588.000000
610.000000
824.000000
1284.000000
1605.000000
1840.000000
2083.000000
2323.000000
2501.000000
2633.000000
2764.000000
2968.000000
3132.000000
3489.000000
3358.000000
2850.000000
2742.000000
2633.000000
2586.000000
2492.000000
2485.000000
2493.000000
2437.000000
2315.000000
2231.000000
2062.000000
1915.000000
1631.000000
1395.000000
1245.000000
1131.000000
1014.000000
917.000000
1145.000000
1583.000000
1885.000000
1982.000000
1988.000000
2014.000000
2270.000000
2540.000000
2558.000000
2510.000000
2461.000000
2266.000000
1967.000000
1859.000000
1925.000000
2089.000000
2134.000000
2289.000000
2371.000000
2438.000000
2498.000000
2450.000000
2152.000000
1623.000000
1287.000000
1208.000000
1203.000000
1090.000000
881.000000
660.000000
423.000000
188.000000
56.000000
79.000000
308.000000
978.000000
1833.000000
1585.000000
823.000000
595.000000
532.000000
502.000000
670.000000
510.000000
405.000000
510.000000
686.000000
583.000000
311.000000
276.000000
792.000000
1079.000000
840.000000
457.000000
746.000000
1752.000000
2473.000000
2873.000000
2893.000000
2523.000000
2325.000000
2504.000000
3199.000000
3502.000000
3241.000000
2358.000000
1789.000000
2013.000000
2377.000000
2462.000000
2390.000000
1659.000000
1254.000000
1652.000000
1521.000000
994.000000
684.000000
617.000000
519.000000
558.000000
468.000000
433.000000
582.000000
713.000000
614.000000
499.000000
480.000000
625.000000
595.000000
592.000000
677.000000
808.000000
913.000000
1052.000000
1312.000000
1514.000000
1838.000000
1973.000000
1831.000000
1828.000000
2441.000000
3033.000000
3504.000000
3612.000000
3395.000000
3279.000000
3166.000000
3184.000000
3558.000000
3739.000000
3693.000000
3532.000000
3347.000000
3241.000000
3207.000000
3087.000000
2935.000000
2616.000000
2288.000000
1976.000000
1418.000000
1678.000000
1898.000000
1998.000000
1856.000000
1724.000000
1762.000000
1884.000000
2207.000000
2370.000000
2612.000000
2837.000000
2910.000000
3058.000000
3246.000000
3395.000000
3679.000000
3578.000000
3369.000000
3168.000000
2666.000000
2634.000000
2776.000000
2800.000000
2573.000000
2404.000000
2302.000000
2315.000000
2383.000000
2267.000000
2071.000000
1935.000000
1852.000000
1862.000000
1888.000000
1758.000000
1733.000000
1769.000000
1747.000000
1680.000000
1691.000000
1675.000000
1694.000000
1683.000000
1794.000000
1707.000000
1799.000000
1890.000000
2127.000000
2329.000000
2428.000000
2468.000000
2582.000000
2673.000000
2787.000000
2942.000000
3033.000000
3072.000000
3048.000000
2932.000000
2783.000000
2795.000000
2993.000000
3055.000000
3097.000000
2976.000000
2774.000000
2445.000000
1946.000000
1415.000000
1280.000000
1554.000000
2030.000000
2340.000000
2636.000000
2780.000000
2905.000000
2786.000000
2676.000000
2419.000000
2259.000000
2177.000000
2369.000000
2581.000000
2680.000000
2473.000000
2306.000000
2106.000000
1989.000000
1956.000000
1881.000000
1652.000000
1476.000000
1442.000000
1582.000000
1873.000000
2008.000000
2092.000000
2199.000000
2481.000000
2635.000000
2476.000000
2146.000000
1592.000000
1632.000000
2223.000000
2716.000000
2598.000000
2370.000000
2037.000000
1910.000000
1873.000000
1780.000000
1721.000000
2112.000000
2552.000000
2747.000000
2830.000000
2814.000000
2781.000000
2433.000000
2085.000000
1688.000000
1388.000000
1171.000000
880.000000
881.000000
687.000000
625.000000
596.000000
379.000000
303.000000
298.000000
393.000000
516.000000
582.000000
550.000000
586.000000
728.000000
1249.000000
1547.000000
1642.000000
1710.000000
1858.000000
1958.000000
2124.000000
2165.000000
2217.000000
2170.000000
2046.000000
2059.000000
2016.000000
1992.000000
1965.000000
1887.000000
2046.000000
1848.000000
1523.000000
1290.000000
1394.000000
1455.000000
1357.000000
1349.000000
1453.000000
1603.000000
1692.000000
1610.000000
1447.000000
1458.000000
1403.000000
1381.000000
1140.000000
957.000000
1138.000000
1251.000000
1273.000000
1090.000000
874.000000
687.000000
699.000000
714.000000
781.000000
855.000000
1070.000000
1249.000000
1483.000000
1582.000000
1820.000000
2410.000000
2497.000000
2358.000000
1976.000000
1645.000000
1673.000000
1876.000000
2019.000000
2219.000000
2442.000000
2853.000000
3096.000000
3490.000000
3448.000000
3100.000000
2881.000000
2539.000000
2075.000000
1998.000000
2429.000000
2670.000000
2577.000000
2208.000000
1938.000000
1830.000000
2517.000000
3066.000000
3274.000000
3133.000000
2626.000000
2488.000000
2270.000000
2272.000000
2570.000000
2916.000000
3051.000000
3063.000000
3089.000000
3052.000000
2971.000000
2844.000000
2664.000000
2613.000000
2413.000000
2342.000000
2234.000000
2318.000000
2282.000000
2154.000000
1904.000000
1691.000000
1598.000000
1642.000000
1604.000000
1528.000000
1425.000000
1423.000000
1430.000000
1392.000000
1414.000000
1359.000000
1352.000000
1499.000000
1691.000000
1930.000000
2035.000000
1926.000000
1604.000000
1358.000000
1166.000000
1098.000000
1023.000000
950.000000
1140.000000
1225.000000
1211.000000
1081.000000
1060.000000
1222.000000
1282.000000
1402.000000
1677.000000
1921.000000
1970.000000
1909.000000
2030.000000
2224.000000
2394.000000
2448.000000
2465.000000
2525.000000
2519.000000
2415.000000
2393.000000
2362.000000
2501.000000
2515.000000
2690.000000
2749.000000
2837.000000
2754.000000
2689.000000
2612.000000
2493.000000
2344.000000
2233.000000
2215.000000
2435.000000
2537.000000
2901.000000
3274.000000
3318.000000
3426.000000
3649.000000
3730.000000
3265.000000
2853.000000
2632.000000
2628.000000
2850.000000
2952.000000
3031.000000
3148.000000
3411.000000
3751.000000
3848.000000
3782.000000
3855.000000
3933.000000
4041.000000
4209.000000
4453.000000
4637.000000
4608.000000
4681.000000
4627.000000
4678.000000
4723.000000
4901.000000
5140.000000
5092.000000
4736.000000
3683.000000
2955.000000
2918.000000
3182.000000
2932.000000
2341.000000
2098.000000
2463.000000
2440.000000
2065.000000
1911.000000
1838.000000
2023.000000
2091.000000
2036.000000
1813.000000
1587.000000
1472.000000
1271.000000
1113.000000
931.000000
875.000000
788.000000
746.000000
752.000000
790.000000
850.000000
862.000000
792.000000
725.000000
558.000000
404.000000
307.000000
259.000000
245.000000
277.000000
306.000000
345.000000
374.000000
327.000000
306.000000
301.000000
243.000000
204.000000
200.000000
187.000000
204.000000
180.000000
186.000000
159.000000
128.000000
98.000000
119.000000
123.000000
149.000000
238.000000
262.000000
259.000000
251.000000
240.000000
203.000000
215.000000
197.000000
168.000000
153.000000
132.000000
124.000000
112.000000
120.000000
130.000000
215.000000
269.000000
301.000000
305.000000
348.000000
348.000000
354.000000
322.000000
316.000000
350.000000
349.000000
319.000000
257.000000
176.000000
115.000000
70.000000
52.000000
76.000000
139.000000
220.000000
325.000000
469.000000
711.000000
921.000000
1135.000000
1166.000000
1097.000000
1019.000000
945.000000
971.000000
970.000000
1008.000000
1076.000000
1101.000000
1076.000000
1152.000000
1474.000000
1576.000000
1505.000000
1484.000000
1639.000000
2246.000000
2276.000000
1920.000000
1599.000000
1796.000000
2024.000000
2057.000000
1927.000000
1883.000000
1982.000000
2069.000000
2227.000000
2445.000000
2507.000000
2639.000000
3164.000000
3777.000000
4032.000000
3973.000000
3606.000000
2557.000000
1261.000000
974.000000
815.000000
613.000000
942.000000
1908.000000
2138.000000
985.000000
495.000000
469.000000
406.000000
323.000000
341.000000
298.000000
314.000000
330.000000
326.000000
356.000000
408.000000
463.000000
522.000000
549.000000
544.000000
516.000000
482.000000
455.000000
462.000000
539.000000
820.000000
1405.000000
2076.000000
2739.000000
2955.000000
3030.000000
3141.000000
3123.000000
3227.000000
3251.000000
3329.000000
3432.000000
3610.000000
3704.000000
3618.000000
3629.000000
3588.000000
3749.000000
4075.000000
4357.000000
4391.000000
4442.000000
4328.000000
4182.000000
3911.000000
3737.000000
3642.000000
3488.000000
3356.000000
2998.000000
2656.000000
2488.000000
2687.000000
2771.000000
2246.000000
1419.000000
740.000000
696.000000
955.000000
1301.000000
1286.000000
1149.000000
1316.000000
1678.000000
1805.000000
1727.000000
1572.000000
1358.000000
1235.000000
999.000000
781.000000
647.000000
536.000000
456.000000
420.000000
421.000000
424.000000
408.000000
410.000000
376.000000
340.000000
308.000000
253.000000
196.000000
147.000000
83.000000
81.000000
65.000000
54.000000
27.000000
16.000000
15.000000
18.000000
32.000000
33.000000
35.000000
31.000000
22.000000
33.000000
55.000000
96.000000
122.000000
151.000000
159.000000
187.000000
206.000000
236.000000
225.000000
218.000000
217.000000
214.000000
218.000000
196.000000
173.000000
184.000000
213.000000
222.000000
235.000000
237.000000
216.000000
215.000000
170.000000
142.000000
88.000000
66.000000
46.000000
24.000000
18.000000
36.000000
66.000000
137.000000
155.000000
180.000000
226.000000
254.000000
302.000000
301.000000
336.000000
352.000000
367.000000
374.000000
356.000000
361.000000
391.000000
432.000000
465.000000
465.000000
444.000000
406.000000
380.000000
353.000000
355.000000
330.000000
315.000000
313.000000
318.000000
359.000000
420.000000
462.000000
499.000000
477.000000
437.000000
383.000000
318.000000
304.000000
283.000000
262.000000
230.000000
251.000000
301.000000
281.000000
306.000000
322.000000
326.000000
369.000000
473.000000
577.000000
634.000000
655.000000
608.000000
523.000000
453.000000
448.000000
461.000000
446.000000
433.000000
434.000000
412.000000
416.000000
406.000000
417.000000
436.000000
468.000000
505.000000
553.000000
629.000000
673.000000
624.000000
616.000000
569.000000
525.000000
453.000000
387.000000
364.000000
318.000000
304.000000
270.000000
250.000000
232.000000
241.000000
239.000000
235.000000
260.000000
280.000000
258.000000
241.000000
235.000000
236.000000
279.000000
278.000000
282.000000
256.000000
251.000000
236.000000
210.000000
175.000000
122.000000
88.000000
71.000000
55.000000
57.000000
107.000000
168.000000
155.000000
125.000000
108.000000
82.000000
107.000000
131.000000
114.000000
89.000000
73.000000
76.000000
115.000000
197.000000
406.000000
686.000000
1063.000000
1393.000000
1647.000000
1726.000000
1860.000000
1857.000000
1884.000000
1918.000000
1826.000000
1839.000000
1800.000000
1728.000000
1729.000000
1821.000000
1969.000000
2125.000000
2309.000000
2607.000000
2824.000000
3005.000000
3187.000000
3498.000000
3701.000000
3662.000000
3478.000000
3549.000000
3697.000000
3863.000000
3995.000000
4145.000000
4249.000000
4278.000000
4257.000000
4292.000000
4282.000000
4068.000000
3747.000000
3555.000000
3461.000000
3237.000000
3174.000000
3182.000000
3353.000000
3511.000000
3533.000000
3479.000000
3254.000000
2882.000000
2369.000000
1994.000000
2033.000000
2041.000000
1946.000000
1798.000000
1651.000000
1453.000000
1472.000000
1451.000000
1503.000000
1703.000000
1933.000000
2079.000000
2290.000000
2442.000000
2712.000000
2967.000000
3255.000000
3578.000000
3902.000000
4091.000000
4155.000000
4227.000000
4327.000000
4278.000000
4170.000000
3937.000000
3781.000000
3778.000000
3939.000000
4084.000000
4191.000000
4193.000000
4028.000000
3809.000000
3685.000000
3968.000000
4194.000000
4308.000000
4512.000000
4784.000000
4869.000000
4991.000000
5223.000000
5439.000000
5390.000000
5505.000000
5426.000000
5319.000000
4993.000000
4646.000000
4499.000000
4508.000000
4794.000000
5124.000000
5416.000000
5833.000000
6074.000000
5996.000000
6015.000000
6047.000000
6107.000000
6128.000000
6095.000000
6023.000000
5998.000000
5963.000000
5941.000000
6249.000000
6576.000000
6734.000000
6883.000000
6902.000000
6575.000000
5934.000000
5032.000000
4613.000000
4024.000000
4386.000000
4566.000000
4578.000000
4512.000000
3927.000000
2918.000000
2702.000000
2926.000000
2930.000000
2616.000000
2518.000000
2531.000000
2914.000000
3325.000000
3659.000000
3887.000000
4011.000000
4166.000000
4177.000000
3999.000000
3941.000000
3804.000000
3681.000000
3438.000000
3382.000000
3309.000000
3357.000000
3404.000000
3392.000000
3314.000000
3220.000000
3052.000000
2963.000000
2759.000000
2530.000000
2260.000000
2029.000000
1748.000000
1498.000000
1261.000000
1080.000000
1145.000000
1215.000000
1271.000000
1279.000000
1465.000000
1649.000000
1909.000000
2038.000000
2012.000000
1985.000000
1908.000000
1897.000000
1920.000000
1949.000000
1993.000000
2077.000000
2124.000000
2059.000000
1841.000000
1586.000000
1457.000000
1480.000000
1477.000000
1429.000000
1359.000000
1444.000000
1463.000000
1357.000000
1375.000000
1480.000000
1509.000000
1327.000000
1101.000000
808.000000
486.000000
286.000000
177.000000
148.000000
153.000000
168.000000
153.000000
160.000000
179.000000
200.000000
183.000000
181.000000
152.000000
119.000000
81.000000
92.000000
68.000000
25.000000
25.000000
61.000000
45.000000
61.000000
91.000000
144.000000
188.000000
255.000000
294.000000
358.000000
420.000000
497.000000
540.000000
621.000000
688.000000
779.000000
824.000000
945.000000
999.000000
1105.000000
1198.000000
1271.000000
1373.000000
1480.000000
1575.000000
1684.000000
1778.000000
1903.000000
2047.000000
2177.000000
2357.000000
2485.000000
2600.000000
2663.000000
2626.000000
2719.000000
2753.000000
2719.000000
2655.000000
2524.000000
2373.000000
2246.000000
2153.000000
2211.000000
2383.000000
2400.000000
2434.000000
2372.000000
2230.000000
2072.000000
1964.000000
1832.000000
1693.000000
1469.000000
1205.000000
1060.000000
1290.000000
1657.000000
1811.000000
1945.000000
1970.000000
2051.000000
2081.000000
2111.000000
2216.000000
2380.000000
2403.000000
2490.000000
2553.000000
2638.000000
2802.000000
2950.000000
3040.000000
3212.000000
3294.000000
3248.000000
3256.000000
3135.000000
3044.000000
2882.000000
2689.000000
2518.000000
2486.000000
2506.000000
2564.000000
2596.000000
2627.000000
2881.000000
2878.000000
2747.000000
2580.000000
2378.000000
2069.000000
1729.000000
1699.000000
1831.000000
2281.000000
2553.000000
2558.000000
1890.000000
1490.000000
2221.000000
2862.000000
3204.000000
3289.000000
3456.000000
3647.000000
3740.000000
3940.000000
4068.000000
4281.000000
4596.000000
4961.000000
5341.000000
5485.000000
5538.000000
5488.000000
5362.000000
5272.000000
5104.000000
5054.000000
5003.000000
4829.000000
4732.000000
4444.000000
4293.000000
4266.000000
4083.000000
3939.000000
3891.000000
3935.000000
4068.000000
4210.000000
4371.000000
4341.000000
4417.000000
4374.000000
4347.000000
4460.000000
4500.000000
4378.000000
4288.000000
4171.000000
4024.000000
3730.000000
3386.000000
3083.000000
2915.000000
2732.000000
2611.000000
2632.000000
2671.000000
2737.000000
2665.000000
2636.000000
2614.000000
2648.000000
2664.000000
2586.000000
2511.000000
2452.000000
2358.000000
2275.000000
2162.000000
2030.000000
1862.000000
1603.000000
1380.000000
1265.000000
1158.000000
1242.000000
1273.000000
1265.000000
1203.000000
1130.000000
1013.000000
918.000000
793.000000
649.000000
461.000000
260.000000
142.000000
108.000000
81.000000
44.000000
21.000000
7.000000
3.000000
1.000000
5.000000
8.000000
5.000000
0.000000
0.000000
0.000000
0.000000
0.000000
0.000000
0.000000
0.000000
0.000000
0.000000
0.000000
0.000000
2.000000
1.000000
0.000000
0.000000
0.000000
0.000000
0.000000
7.000000
23.000000
65.000000
138.000000
195.000000
255.000000
270.000000
311.000000
348.000000
377.000000
432.000000
517.000000
563.000000
661.000000
734.000000
885.000000
1030.000000
961.000000
998.000000
1046.000000
1102.000000
1243.000000
1237.000000
1214.000000
1204.000000
1139.000000
888.000000
858.000000
931.000000
960.000000
1160.000000
1339.000000
1693.000000
2008.000000
2133.000000
1924.000000
1691.000000
1520.000000
1421.000000
1189.000000
1426.000000
1792.000000
2160.000000
2530.000000
2519.000000
2290.000000
2303.000000
2250.000000
2272.000000
2321.000000
2259.000000
2123.000000
2316.000000
2311.000000
1984.000000
1613.000000
1880.000000
2176.000000
2407.000000
2390.000000
2465.000000
2316.000000
2194.000000
2104.000000
1884.000000
1751.000000
1670.000000
1632.000000
1646.000000
1663.000000
1707.000000
1285.000000
942.000000
832.000000
829.000000
832.000000
805.000000
776.000000
801.000000
661.000000
474.000000
232.000000
78.000000
0.000000
0.000000
1.000000
2.000000
3.000000
0.000000
0.000000
0.000000
0.000000
0.000000
0.000000
0.000000
0.000000
0.000000
0.000000
0.000000
0.000000
0.000000
0.000000
0.000000
0.000000
0.000000
0.000000
0.000000
0.000000
0.000000
0.000000
0.000000
0.000000
0.000000
0.000000
0.000000
0.000000
0.000000
0.000000
0.000000
0.000000
0.000000
0.000000
0.000000
0.000000
0.000000
0.000000
0.000000
0.000000
0.000000
0.000000
0.000000
0.000000
0.000000
0.000000
0.000000
0.000000
0.000000
0.000000
