0
0
0
0
0
0
0
0
0
0
0
0
0
0
0
0
0
0
0
0
0
0
0
0
0
0
0
0
0
0
0
0
0
0
0
0
0
0
0
0
0
0
0
0
0
0
0
0
0
0
0
0
0
0
0
0
0
0
0
0
0
0
0
0
0
0
0
0
0
0
0
0
0
0
0
0
0
0
0
0
0
0
0
0
0
0
0
0
0
0
0
0
0
0
0
0
0
0
0
0
0
15
32
47
76
88
92
95
152
215
332
660
815
927
1107
1251
1431
1515
1572
1601
1572
1463
1352
1185
1308
1423
1431
1443
1534
1692
1844
2027
2037
2059
1913
1752
1544
1464
1262
1303
1391
1455
1463
1456
1356
1387
1413
1434
1431
1372
1246
1150
926
651
556
585
530
476
431
416
429
492
419
344
331
398
414
431
464
486
462
407
354
329
328
336
309
323
371
415
393
335
338
323
308
293
289
283
300
288
295
306
316
293
287
294
286
273
263
246
235
226
220
207
206
196
201
198
196
191
188
190
191
191
190
193
189
182
167
153
136
127
119
103
93
78
67
39
18
4
0
0
0
0
0
0
0
0
0
0
0
0
0
0
0
0
0
0
0
0
0
0
3
3
3
5
7
8
8
8
8
12
18
22
26
27
27
28
28
29
30
30
30
33
33
31
30
27
23
19
15
10
7
1
0
0
1
1
1
0
0
0
1
1
1
1
1
1
1
1
2
3
5
5
7
11
14
15
17
18
20
19
18
19
18
16
15
15
15
15
15
14
13
8
6
5
4
4
4
1
1
1
0
1
1
0
0
0
0
0
0
0
0
0
0
0
0
0
0
0
0
0
0
0
0
0
0
0
0
0
0
0
0
0
0
0
0
0
0
0
0
0
0
0
0
0
0
0
1
1
1
1
1
1
1
1
1
1
1
1
2
2
2
2
2
2
2
2
2
2
2
2
2
2
2
1
1
1
1
0
0
0
0
0
0
0
0
0
0
0
0
0
1
2
2
2
2
2
2
2
2
2
2
2
2
2
2
2
2
2
2
2
2
2
2
1
1
1
1
1
1
1
2
3
3
3
4
5
5
8
8
8
7
7
7
7
7
7
7
7
7
7
7
7
7
6
6
6
6
6
6
5
3
4
4
3
3
3
3
3
3
5
3
3
3
3
3
3
3
5
6
6
6
6
6
6
6
6
6
6
6
6
6
6
6
6
6
6
6
6
6
6
6
6
6
6
6
6
6
6
7
7
7
7
7
7
7
7
8
8
8
7
7
7
7
7
7
7
7
7
7
7
7
7
7
7
7
7
7
7
7
7
7
7
7
7
7
7
7
7
7
7
7
7
7
7
7
7
7
7
7
7
7
7
7
7
7
7
7
7
7
7
7
7
7
7
7
7
7
7
7
7
7
7
7
7
7
7
7
7
7
7
7
7
7
7
7
7
7
7
7
7
7
49
223
430
698
1132
1558
1759
1869
2033
2230
2408
2667
2982
3177
3431
3795
4171
4336
4421
4350
4311
4282
4240
4346
4781
5301
5752
6130
6344
6617
6779
6915
6944
7052
7175
7188
7187
7169
7239
7371
7640
7852
8089
8334
8313
8342
8402
8507
8504
8507
8559
8522
8465
8419
8267
8209
8102
7926
7723
7630
7618
7727
7902
7995
7969
8020
7984
7854
7761
7644
7577
7565
7556
7660
7634
7585
7624
7833
8089
8343
8479
8340
8169
7928
7730
7477
7322
7153
7009
6807
6706
6546
6436
6270
6161
6012
5934
5836
5708
5640
5535
5412
5301
5169
5058
5011
4973
5028
5075
5125
5221
5227
5258
5293
5275
5260
5287
5307
5355
5383
5380
5375
5393
5398
5346
5307
5250
5220
5110
4978
4907
4854
4746
4703
4641
4594
4627
4594
4567
4557
4579
4528
4536
4523
4538
4519
4520
4510
4562
4548
4576
4580
4599
4612
4587
4597
4601
4626
4643
4635
4617
4577
4583
4576
4568
4555
4532
4459
4416
4444
4476
4556
4520
4521
4516
4584
4616
4678
4719
4730
4765
4753
4703
4687
4624
4634
4615
4666
4611
4600
4585
4626
4580
4585
4565
4590
4559
4562
4520
4561
4520
4528
4520
4566
4547
4553
4567
4577
4566
4565
4558
4541
4562
4553
4545
4535
4482
4493
4471
4501
4446
4457
4454
4498
4457
4451
4470
4525
4505
4529
4569
4598
4602
4649
4692
4737
4814
4909
5003
5132
5243
5346
5438
5522
5617
5708
5776
5840
5921
5965
5999
6088
6180
6275
6376
6476
6557
6674
6775
6913
6996
7116
7209
7299
7321
7345
7406
7465
7515
7506
7477
7478
7466
7427
7386
7334
7314
7290
7263
7235
7205
7170
7068
7018
6927
6858
6780
6700
6600
6535
6424
6376
6323
6311
6285
6267
6232
6113
6065
6009
5917
5915
5836
5766
5676
5629
5605
5606
5656
5656
5686
5671
5668
5647
5608
5568
5446
5397
5310
5286
5248
5248
5295
5329
5321
5345
5334
5371
5362
5428
5465
5539
5585
5645
5750
5822
5821
5824
5774
5714
5766
5726
5691
5632
5487
5474
5445
5425
5469
5705
5730
5810
5879
5830
5870
5921
5972
5963
5998
5986
6018
5987
5940
5908
5857
5733
5647
5585
5490
5448
5370
5240
5185
5187
5160
5098
5138
5179
5147
5205
5273
5258
5309
5327
5402
5416
5473
5580
5670
5723
5895
6040
6140
6260
6365
6411
6434
6525
6474
6553
6611
6519
6552
6552
6480
6445
6453
6454
6447
6495
6519
6533
6532
6538
6540
6536
6479
6546
6457
6455
6450
6343
6283
6197
6022
5914
5819
5691
5587
5562
5422
5323
5286
5162
5119
5107
5101
5058
5100
5097
5110
5135
5176
5157
5211
5258
5351
5347
5333
5322
5362
5352
5345
5349
5377
5339
5417
5501
5519
5608
5736
5661
5665
5679
5598
5676
5747
5788
5841
5980
6081
6184
6245
6289
6331
6379
6330
6413
6436
6431
6421
6405
6386
6356
6298
6178
6164
6096
6070
5993
5945
5894
5878
5785
5717
5633
5606
5564
5554
5580
5594
5594
5599
5624
5699
5713
5778
5852
5895
5914
5907
5918
5966
5932
5948
5925
5927
5893
5893
5873
5897
5901
5913
5886
5876
5869
5875
5840
5836
5826
5821
5796
5806
5830
5855
5871
5843
5841
5846
5845
5876
5923
5930
5964
5984
6040
6007
5945
5871
5855
5890
6022
6084
6209
6304
6343
6398
6473
6534
6558
6579
6631
6653
6656
6692
6722
6720
6724
6727
6753
6734
6687
6664
6652
6570
6523
6474
6418
6352
6314
6259
6199
6074
5963
5876
5706
5616
5616
5574
5660
5787
5924
5987
6070
6132
6225
6284
6354
6463
6505
6558
6545
6566
6637
6602
6676
6678
6748
6814
6787
6729
6712
6597
6521
6421
6228
6017
5791
5588
5478
5366
5222
5171
5192
5151
5179
5147
5186
5243
5259
5295
5360
5416
5460
5481
5539
5593
5555
5548
5544
5467
5402
5429
5324
5305
5270
5166
5140
5127
5119
5102
5177
5196
5237
5298
5358
5399
5415
5481
5574
5632
5774
5852
5948
5992
6039
6160
6219
6325
6448
6421
6438
6478
6429
6373
6427
6358
6385
6441
6384
6454
6492
6467
6436
6419
6371
6358
6435
6411
6454
6532
6564
6633
6727
6692
6737
6745
6707
6679
6630
6501
6489
6472
6411
6427
6421
6412
6370
6380
6309
6374
6390
6297
6265
6284
6203
6235
6195
6107
5962
5859
5756
5652
5620
5493
5394
5390
5304
5298
5331
5364
5372
5392
5436
5495
5505
5510
5522
5551
5572
5647
5701
5740
5736
5728
5776
5680
5670
5633
5646
5620
5612
5624
5710
5724
5763
5808
5861
5858
5930
5927
5993
6023
6151
6213
6279
6422
6465
6613
6711
6699
6725
6698
6745
6746
6715
6702
6658
6633
6611
6624
6555
6548
6542
6575
6522
6477
6496
6506
6511
6494
6476
6434
6356
6342
6335
6360
6326
6331
6401
6453
6493
6499
6511
6594
6629
6754
6867
6903
7007
7046
7021
6983
6989
7009
7080
7071
7149
7231
7166
7160
7090
7008
6822
6838
6767
6770
6721
6705
6689
6636
6584
6592
6663
6732
6795
6882
6895
6961
6956
6981
6946
6802
6645
6601
6552
6471
6419
6365
6239
6159
6135
6045
6020
5983
5917
5864
5928
6000
5942
5951
5993
6001
6036
6064
6051
6106
6117
6058
6137
6236
6267
6322
6395
6464
6564
6594
6652
6666
6656
6617
6556
6522
6462
6456
6393
6401
6476
6392
6436
6489
6465
6537
6654
6799
6986
7146
7306
7340
7464
7578
7647
7858
8007
8180
8281
8468
8481
8591
8554
8393
8335
8291
8302
8114
8195
8352
8418
8361
8291
8289
8345
8384
8343
8200
8082
7809
7717
7636
7602
7419
7241
7110
7096
6997
6884
6785
6654
6722
6575
6338
6184
6032
5951
5959
5939
5881
5847
5832
5850
5967
5974
6029
6049
6174
6134
6160
6181
6199
6155
6147
6154
6163
6154
6163
6141
6181
6194
6230
6205
6192
6188
6246
6272
6285
6302
6321
6289
6298
6279
6287
6286
6283
6268
6270
6238
6261
6287
6276
6299
6299
6361
6338
6367
6375
6430
6421
6458
6480
6497
6514
6520
6537
6539
6541
6569
6572
6554
6561
6538
6554
6574
6611
6632
6671
6704
6683
6662
6615
6624
6646
6666
6647
6654
6667
6621
6646
6636
6688
6652
6674
6694
6725
6718
6715
6681
6664
6603
6554
6527
6542
6522
6501
6511
6561
6519
6530
6579
6509
6505
6561
6531
6563
6543
6623
6607
6593
6543
6573
6523
6545
6558
6627
6612
6578
6616
6680
6640
6681
6717
6698
6705
6709
6755
6760
6808
6793
6863
6906
6868
6872
6842
6838
6773
6828
6812
6831
6808
6836
6845
6861
6844
6824
6804
6789
6774
6733
6750
6649
6606
6647
6542
6503
6509
6428
6435
6384
6364
6338
6256
6297
6237
6257
6278
6393
6340
6463
6539
6695
6689
6791
6858
6879
6902
6970
6981
7039
7020
7013
7028
7065
7015
7001
6919
6870
6716
6606
6508
6426
6333
6308
6166
6142
6115
6033
6028
6040
6074
6077
6034
6036
6030
6016
5992
5970
5946
5984
5945
5946
5953
5955
5916
5912
5909
5931
5927
5919
5920
5929
5934
5940
5934
5936
5931
5941
5957
5958
5957
5954
5977
5960
5978
5981
5978
5989
6004
6024
6028
6023
6029
6019
6030
6021
6023
5977
5986
5987
5962
6007
6007
5988
5974
5978
5976
6001
5994
5989
5985
5969
5976
5969
5975
5932
5964
5970
5985
6012
6003
5951
5928
5973
5996
6015
5998
6008
6028
6033
6031
6041
6059
6055
6076
6075
6123
6177
6239
6300
6348
6398
6397
6429
6430
6453
6488
6437
6410
6409
6381
6336
6312
6294
6238
6210
6190
6184
6129
6124
6101
6120
6100
6078
6095
6103
6111
6111
6153
6211
6207
6212
6281
6337
6425
6502
6596
6663
6691
6738
6759
6769
6773
6772
6793
6814
6798
6808
6796
6815
6829
6868
6895
6919
6914
6940
6964
6992
6998
7010
7015
7012
7031
7027
7035
7030
7044
7027
7036
6985
6975
6950
6958
6927
6923
6943
6962
6929
6927
6919
6926
6898
6868
6882
6899
6868
6881
6944
6866
6855
6873
6773
6822
6857
6852
6854
6800
6813
6810
6764
6723
6657
6521
6536
6504
6459
6412
6286
6282
6148
5970
5883
5787
5632
5489
5429
5411
5464
5441
5396
5408
5408
5522
5356
5268
5152
5051
4937
4910
4802
4753
4581
4480
4414
4305
4209
4219
4209
4219
4259
4290
4342
4512
4670
4874
5037
5211
5297
5254
5287
5324
5334
5366
5480
5461
5539
5594
5594
5657
5796
5724
5721
5741
5682
5812
5954
6199
6436
6665
6906
7093
7300
7515
7799
8274
8728
9110
9549
9802
10038
10139
10242
10292
10358
10347
10438
10529
10593
10570
10532
10381
10206
9983
9795
9594
9427
9279
9116
8858
8918
9064
9261
9200
9117
8968
9005
8872
8689
8575
8429
8244
8179
8130
8134
7996
7763
7573
7443
7246
6861
6522
6378
6248
6148
6072
5983
5839
5633
5446
5270
5055
4842
4652
4480
4378
4367
4314
4209
4082
4045
4015
3969
3953
3996
4140
4250
4323
4328
4313
4292
4227
4102
3948
3818
3676
3563
3489
3507
3535
3535
3609
3672
3719
3756
3763
3794
3791
3827
3868
3926
4003
4119
4185
4219
4278
4321
4398
4424
4410
4337
4255
4172
4077
3985
3923
3856
3823
3806
3811
3797
3786
3782
3772
3754
3759
3749
3781
3780
3777
3789
3780
3768
3761
3770
3766
3773
3776
3757
3758
3764
3763
3759
3782
3789
3781
3790
3785
3786
3791
3796
3786
3816
3819
3838
3841
3873
3914
3946
3985
3989
4005
4042
4075
4091
4085
4068
4020
4011
3990
3933
3852
3770
3705
3695
3662
3595
3483
3386
3280
3198
3175
3211
3222
3199
3305
3418
3488
3532
3545
3578
3579
3582
3612
3607
3599
3644
3651
3662
3858
4075
4294
4454
4492
4548
4649
4721
4790
4858
4881
4947
5010
5025
5133
5193
5200
5249
5278
5266
5309
5348
5323
5268
5315
5344
5308
5360
5320
5358
5315
5317
5304
5243
5131
5110
5111
5017
4923
4859
4729
4630
4602
4486
4439
4446
4300
4223
4202
4072
3981
4031
4060
4130
4241
4410
4619
4762
4785
4819
4836
4881
4951
4880
4765
4623
4458
4326
4284
4284
4306
4323
4306
4277
4200
4103
4071
4009
3909
3869
3770
3558
3201
2918
2812
2762
2774
2820
2832
2833
2809
2728
2648
2597
2507
2468
2398
2429
2473
2535
2535
2443
2314
2101
1915
1794
1710
1585
1456
1318
1185
1084
990
921
837
714
517
461
428
427
427
425
424
422
421
421
393
394
394
394
398
398
398
398
398
398
398
398
398
398
398
398
398
398
398
398
397
397
397
396
396
427
465
513
545
620
728
754
764
747
800
792
736
717
722
768
845
983
987
1108
1078
1070
917
773
729
719
732
708
731
838
1179
1524
1704
1894
1881
1992
1945
1850
1960
1864
1953
1908
1840
1855
1877
1918
1991
2078
2172
2196
2165
2210
2163
1984
2215
2321
2354
2362
2499
2504
2454
2306
2280
2245
2116
1953
1991
1992
1872
1650
1369
1183
1047
931
893
789
674
614
528
412
392
392
392
392
392
392
392
396
396
396
396
396
396
396
396
396
396
396
396
396
396
396
396
396
396
396
396
396
396
396
396
396
396
396
396
396
396
396
396
396
396
396
397
397
397
397
397
397
397
397
397
397
397
397
397
397
