0.000000
0.000000
0.000000
0.000000
0.000000
0.000000
0.000000
0.000000
0.000000
0.000000
1.000000
0.000000
0.000000
0.000000
0.000000
0.000000
0.000000
0.000000
0.000000
0.000000
0.000000
0.000000
0.000000
0.000000
0.000000
0.000000
0.000000
0.000000
0.000000
0.000000
0.000000
0.000000
0.000000
0.000000
0.000000
0.000000
0.000000
0.000000
0.000000
0.000000
0.000000
0.000000
0.000000
0.000000
0.000000
0.000000
0.000000
0.000000
0.000000
0.000000
0.000000
0.000000
0.000000
0.000000
0.000000
1.000000
0.000000
0.000000
0.000000
0.000000
0.000000
0.000000
0.000000
0.000000
0.000000
0.000000
0.000000
0.000000
0.000000
1.000000
0.000000
0.000000
1.000000
17.000000
42.000000
70.000000
131.000000
212.000000
257.000000
374.000000
514.000000
787.000000
1117.000000
1504.000000
1917.000000
2402.000000
2875.000000
2992.000000
3006.000000
3096.000000
3124.000000
3058.000000
3062.000000
3106.000000
3152.000000
3240.000000
3342.000000
3524.000000
3688.000000
3741.000000
3718.000000
3720.000000
3711.000000
3678.000000
3654.000000
3613.000000
3688.000000
3584.000000
3452.000000
3415.000000
3439.000000
3478.000000
3407.000000
3323.000000
3255.000000
3288.000000
3285.000000
3178.000000
3075.000000
3091.000000
2939.000000
2885.000000
2710.000000
2440.000000
2157.000000
1684.000000
1293.000000
1157.000000
1073.000000
1017.000000
878.000000
848.000000
787.000000
667.000000
524.000000
456.000000
336.000000
176.000000
108.000000
84.000000
62.000000
21.000000
32.000000
47.000000
61.000000
72.000000
87.000000
131.000000
135.000000
113.000000
50.000000
0.000000
0.000000
0.000000
1.000000
0.000000
1.000000
0.000000
0.000000
0.000000
0.000000
1.000000
0.000000
0.000000
0.000000
0.000000
0.000000
0.000000
0.000000
0.000000
0.000000
0.000000
0.000000
0.000000
0.000000
0.000000
0.000000
0.000000
0.000000
1.000000
0.000000
0.000000
1.000000
1.000000
0.000000
0.000000
0.000000
0.000000
0.000000
0.000000
0.000000
0.000000
0.000000
0.000000
0.000000
0.000000
0.000000
1.000000
0.000000
0.000000
0.000000
0.000000
0.000000
1.000000
0.000000
0.000000
0.000000
0.000000
1.000000
0.000000
0.000000
0.000000
0.000000
0.000000
0.000000
0.000000
0.000000
0.000000
0.000000
0.000000
0.000000
0.000000
0.000000
0.000000
0.000000
0.000000
0.000000
0.000000
0.000000
0.000000
0.000000
0.000000
0.000000
0.000000
0.000000
0.000000
0.000000
0.000000
0.000000
0.000000
0.000000
0.000000
1.000000
0.000000
0.000000
0.000000
0.000000
0.000000
0.000000
0.000000
0.000000
0.000000
0.000000
0.000000
1.000000
0.000000
0.000000
0.000000
0.000000
0.000000
0.000000
0.000000
0.000000
0.000000
0.000000
0.000000
0.000000
0.000000
1.000000
0.000000
0.000000
0.000000
0.000000
0.000000
0.000000
0.000000
0.000000
1.000000
0.000000
0.000000
0.000000
0.000000
0.000000
0.000000
0.000000
0.000000
2.000000
0.000000
0.000000
0.000000
0.000000
0.000000
0.000000
0.000000
0.000000
0.000000
0.000000
1.000000
0.000000
0.000000
0.000000
0.000000
0.000000
0.000000
0.000000
0.000000
0.000000
1.000000
0.000000
0.000000
0.000000
0.000000
1.000000
0.000000
0.000000
0.000000
1.000000
0.000000
0.000000
0.000000
0.000000
0.000000
0.000000
0.000000
0.000000
0.000000
0.000000
0.000000
0.000000
0.000000
1.000000
0.000000
0.000000
0.000000
0.000000
1.000000
0.000000
0.000000
0.000000
0.000000
0.000000
0.000000
0.000000
0.000000
0.000000
0.000000
1.000000
0.000000
0.000000
0.000000
0.000000
0.000000
0.000000
1.000000
0.000000
0.000000
0.000000
0.000000
0.000000
0.000000
0.000000
0.000000
0.000000
0.000000
0.000000
1.000000
0.000000
0.000000
0.000000
0.000000
0.000000
0.000000
0.000000
0.000000
0.000000
1.000000
0.000000
1.000000
1.000000
1.000000
0.000000
0.000000
0.000000
0.000000
0.000000
0.000000
0.000000
0.000000
0.000000
0.000000
0.000000
1.000000
0.000000
0.000000
0.000000
0.000000
0.000000
0.000000
1.000000
0.000000
0.000000
0.000000
0.000000
0.000000
1.000000
1.000000
0.000000
3.000000
0.000000
0.000000
0.000000
0.000000
0.000000
0.000000
0.000000
0.000000
0.000000
0.000000
0.000000
0.000000
0.000000
0.000000
0.000000
0.000000
0.000000
0.000000
0.000000
0.000000
0.000000
0.000000
0.000000
0.000000
0.000000
0.000000
0.000000
0.000000
0.000000
0.000000
0.000000
0.000000
0.000000
0.000000
0.000000
0.000000
0.000000
0.000000
0.000000
0.000000
0.000000
1.000000
0.000000
0.000000
0.000000
0.000000
0.000000
0.000000
0.000000
0.000000
1.000000
1.000000
0.000000
0.000000
1.000000
0.000000
0.000000
0.000000
0.000000
0.000000
0.000000
0.000000
0.000000
0.000000
0.000000
0.000000
0.000000
0.000000
0.000000
0.000000
0.000000
0.000000
0.000000
0.000000
0.000000
0.000000
0.000000
0.000000
0.000000
0.000000
0.000000
0.000000
0.000000
0.000000
1.000000
0.000000
0.000000
0.000000
1.000000
0.000000
0.000000
0.000000
0.000000
0.000000
0.000000
0.000000
0.000000
0.000000
0.000000
0.000000
0.000000
0.000000
0.000000
1.000000
0.000000
1.000000
0.000000
0.000000
0.000000
0.000000
0.000000
0.000000
0.000000
0.000000
0.000000
0.000000
0.000000
0.000000
0.000000
0.000000
0.000000
0.000000
0.000000
1.000000
0.000000
1.000000
0.000000
0.000000
0.000000
0.000000
0.000000
0.000000
0.000000
0.000000
0.000000
76.000000
149.000000
162.000000
139.000000
116.000000
98.000000
46.000000
8.000000
3.000000
2.000000
0.000000
21.000000
131.000000
275.000000
463.000000
639.000000
895.000000
952.000000
973.000000
986.000000
1091.000000
1260.000000
1570.000000
1855.000000
2141.000000
2404.000000
2514.000000
2524.000000
2619.000000
2607.000000
2592.000000
2563.000000
2581.000000
2645.000000
2849.000000
2805.000000
2840.000000
2805.000000
2703.000000
2725.000000
2785.000000
2861.000000
2911.000000
3007.000000
3045.000000
3058.000000
3081.000000
3214.000000
3183.000000
3212.000000
3154.000000
3369.000000
3681.000000
4035.000000
4385.000000
4553.000000
4615.000000
4736.000000
4747.000000
4942.000000
5295.000000
5446.000000
5343.000000
5095.000000
4985.000000
4991.000000
4955.000000
5027.000000
5138.000000
5252.000000
5486.000000
5631.000000
5753.000000
5868.000000
5711.000000
5529.000000
5579.000000
0.000000
5615.000000
5497.000000
7680.000000
5424.000000
5442.000000
5528.000000
5634.000000
5508.000000
5251.000000
5167.000000
6847.000000
5233.000000
5252.000000
4969.000000
4598.000000
4510.000000
4425.000000
4354.000000
4350.000000
4408.000000
4375.000000
4358.000000
4340.000000
4321.000000
4331.000000
0.000000
4430.000000
4534.000000
4617.000000
4778.000000
4816.000000
4675.000000
4439.000000
4192.000000
4075.000000
3955.000000
3869.000000
3791.000000
3663.000000
3511.000000
3403.000000
3332.000000
3271.000000
3131.000000
3018.000000
2872.000000
2751.000000
2575.000000
2454.000000
2230.000000
1898.000000
1675.000000
1675.000000
1755.000000
1808.000000
1794.000000
1822.000000
1746.000000
1664.000000
1598.000000
1557.000000
1542.000000
1572.000000
1542.000000
1554.000000
1577.000000
1537.000000
1535.000000
1548.000000
1561.000000
1542.000000
1535.000000
1496.000000
1462.000000
1410.000000
1460.000000
1489.000000
1496.000000
1457.000000
1378.000000
1392.000000
1347.000000
1289.000000
1244.000000
1176.000000
1102.000000
1016.000000
909.000000
787.000000
600.000000
515.000000
536.000000
608.000000
629.000000
645.000000
617.000000
546.000000
487.000000
448.000000
418.000000
440.000000
407.000000
344.000000
268.000000
277.000000
379.000000
460.000000
507.000000
555.000000
559.000000
543.000000
519.000000
502.000000
473.000000
466.000000
452.000000
428.000000
410.000000
397.000000
398.000000
392.000000
410.000000
393.000000
388.000000
371.000000
360.000000
394.000000
304.000000
325.000000
276.000000
241.000000
206.000000
160.000000
138.000000
156.000000
207.000000
224.000000
295.000000
281.000000
268.000000
283.000000
319.000000
328.000000
345.000000
332.000000
354.000000
375.000000
386.000000
375.000000
318.000000
308.000000
287.000000
288.000000
282.000000
292.000000
291.000000
314.000000
314.000000
303.000000
288.000000
297.000000
306.000000
318.000000
334.000000
349.000000
334.000000
305.000000
264.000000
225.000000
165.000000
110.000000
84.000000
42.000000
42.000000
61.000000
79.000000
104.000000
120.000000
147.000000
171.000000
187.000000
232.000000
260.000000
304.000000
287.000000
294.000000
279.000000
276.000000
268.000000
251.000000
253.000000
246.000000
259.000000
250.000000
239.000000
238.000000
231.000000
205.000000
233.000000
235.000000
242.000000
234.000000
275.000000
278.000000
299.000000
294.000000
318.000000
311.000000
345.000000
304.000000
322.000000
327.000000
319.000000
293.000000
280.000000
263.000000
239.000000
238.000000
216.000000
182.000000
201.000000
256.000000
320.000000
414.000000
469.000000
494.000000
525.000000
569.000000
621.000000
637.000000
698.000000
757.000000
811.000000
895.000000
952.000000
983.000000
1009.000000
1084.000000
1125.000000
1145.000000
1175.000000
1128.000000
1130.000000
1083.000000
1084.000000
1077.000000
996.000000
921.000000
881.000000
821.000000
793.000000
736.000000
628.000000
517.000000
389.000000
253.000000
171.000000
177.000000
165.000000
192.000000
280.000000
367.000000
488.000000
553.000000
677.000000
726.000000
827.000000
897.000000
888.000000
981.000000
997.000000
1068.000000
1099.000000
1115.000000
1096.000000
1086.000000
1082.000000
1044.000000
1005.000000
963.000000
893.000000
1200.000000
729.000000
699.000000
648.000000
613.000000
577.000000
523.000000
491.000000
451.000000
387.000000
315.000000
222.000000
137.000000
72.000000
92.000000
91.000000
102.000000
129.000000
164.000000
239.000000
305.000000
381.000000
406.000000
400.000000
426.000000
463.000000
435.000000
463.000000
470.000000
504.000000
506.000000
544.000000
0.000000
608.000000
710.000000
715.000000
1239.000000
762.000000
747.000000
726.000000
669.000000
637.000000
618.000000
0.000000
567.000000
536.000000
523.000000
534.000000
526.000000
524.000000
535.000000
543.000000
590.000000
642.000000
712.000000
776.000000
791.000000
836.000000
833.000000
778.000000
841.000000
771.000000
888.000000
945.000000
1011.000000
1067.000000
1062.000000
1119.000000
1194.000000
1291.000000
1361.000000
1350.000000
1379.000000
1384.000000
1299.000000
1201.000000
1143.000000
1184.000000
1122.000000
1036.000000
901.000000
814.000000
705.000000
686.000000
671.000000
711.000000
760.000000
763.000000
749.000000
794.000000
777.000000
869.000000
884.000000
957.000000
922.000000
928.000000
887.000000
935.000000
935.000000
971.000000
953.000000
874.000000
746.000000
647.000000
559.000000
557.000000
590.000000
638.000000
530.000000
419.000000
282.000000
223.000000
237.000000
418.000000
636.000000
891.000000
1077.000000
1186.000000
1195.000000
1231.000000
1358.000000
1431.000000
1356.000000
1286.000000
1444.000000
1423.000000
1480.000000
1435.000000
1537.000000
1483.000000
1474.000000
1464.000000
1483.000000
1439.000000
1361.000000
1343.000000
1360.000000
1309.000000
1280.000000
1264.000000
1203.000000
1142.000000
1023.000000
919.000000
902.000000
890.000000
0.000000
798.000000
725.000000
699.000000
688.000000
627.000000
807.000000
279.000000
262.000000
309.000000
397.000000
462.000000
526.000000
671.000000
784.000000
898.000000
975.000000
1098.000000
1139.000000
1238.000000
1282.000000
1309.000000
1361.000000
1385.000000
1460.000000
1518.000000
1704.000000
1767.000000
1823.000000
1822.000000
1933.000000
1884.000000
1801.000000
1788.000000
1723.000000
1621.000000
1522.000000
1306.000000
1286.000000
1078.000000
1049.000000
1107.000000
1185.000000
1128.000000
999.000000
917.000000
889.000000
1066.000000
1139.000000
1180.000000
1292.000000
1430.000000
1458.000000
1443.000000
1403.000000
1386.000000
1360.000000
1318.000000
1247.000000
1112.000000
1023.000000
762.000000
786.000000
809.000000
681.000000
543.000000
602.000000
693.000000
650.000000
521.000000
368.000000
225.000000
297.000000
408.000000
477.000000
546.000000
1161.000000
1066.000000
959.000000
1236.000000
1352.000000
1403.000000
1480.000000
1625.000000
1865.000000
1808.000000
1674.000000
1550.000000
1559.000000
1589.000000
1543.000000
1296.000000
1148.000000
1214.000000
1411.000000
1619.000000
1682.000000
1996.000000
2450.000000
2496.000000
2435.000000
2221.000000
2185.000000
2163.000000
2190.000000
2192.000000
2084.000000
2011.000000
1797.000000
1689.000000
1567.000000
1478.000000
1310.000000
1234.000000
1226.000000
1295.000000
1449.000000
1497.000000
1430.000000
1366.000000
1391.000000
1496.000000
1396.000000
1345.000000
1410.000000
1449.000000
1336.000000
1467.000000
1433.000000
1467.000000
1362.000000
1274.000000
1422.000000
1596.000000
1727.000000
1995.000000
2221.000000
2381.000000
2552.000000
2666.000000
2627.000000
2588.000000
2453.000000
2384.000000
2313.000000
2390.000000
2325.000000
2281.000000
2188.000000
2025.000000
1860.000000
1671.000000
1525.000000
1485.000000
1437.000000
1390.000000
1223.000000
1101.000000
937.000000
844.000000
789.000000
776.000000
799.000000
721.000000
738.000000
788.000000
880.000000
1029.000000
1214.000000
1365.000000
1450.000000
1593.000000
1656.000000
1727.000000
1774.000000
1802.000000
1804.000000
1843.000000
1860.000000
1726.000000
1627.000000
1591.000000
1462.000000
1418.000000
1436.000000
1338.000000
1438.000000
1496.000000
1515.000000
1644.000000
1705.000000
1720.000000
1550.000000
1543.000000
1535.000000
1629.000000
1648.000000
1584.000000
1535.000000
1626.000000
1609.000000
1578.000000
1451.000000
1416.000000
1325.000000
1184.000000
1193.000000
1085.000000
1107.000000
1126.000000
1212.000000
1335.000000
1512.000000
1589.000000
1618.000000
1605.000000
1609.000000
1484.000000
1529.000000
1587.000000
1755.000000
1977.000000
2035.000000
2217.000000
2201.000000
2200.000000
2272.000000
2352.000000
2301.000000
2151.000000
2342.000000
2638.000000
2762.000000
2790.000000
2791.000000
2806.000000
2816.000000
2805.000000
2857.000000
2924.000000
2976.000000
2939.000000
3029.000000
2973.000000
2901.000000
2806.000000
2600.000000
2428.000000
2179.000000
2084.000000
1947.000000
1972.000000
1914.000000
1643.000000
1609.000000
1674.000000
1813.000000
1799.000000
1707.000000
1691.000000
2048.000000
2290.000000
2424.000000
2528.000000
2549.000000
2478.000000
2294.000000
2104.000000
2050.000000
2194.000000
2497.000000
2679.000000
2979.000000
2929.000000
2734.000000
2674.000000
2503.000000
2352.000000
2242.000000
2213.000000
2049.000000
1937.000000
1833.000000
1721.000000
1412.000000
1251.000000
1094.000000
978.000000
825.000000
964.000000
1070.000000
1090.000000
1126.000000
1258.000000
1315.000000
1368.000000
1336.000000
1372.000000
1463.000000
1470.000000
1445.000000
1426.000000
1357.000000
1445.000000
1540.000000
1616.000000
1680.000000
1614.000000
1610.000000
1493.000000
1514.000000
1483.000000
1425.000000
1422.000000
1365.000000
1224.000000
1196.000000
1233.000000
1308.000000
1313.000000
1282.000000
1256.000000
1196.000000
1211.000000
1136.000000
1076.000000
975.000000
835.000000
817.000000
1066.000000
1236.000000
1338.000000
1484.000000
1695.000000
1900.000000
2072.000000
2140.000000
2239.000000
2375.000000
2408.000000
2334.000000
2241.000000
2199.000000
2127.000000
2177.000000
2444.000000
2660.000000
2790.000000
2932.000000
3046.000000
3256.000000
3508.000000
3542.000000
3367.000000
3208.000000
3163.000000
3156.000000
3191.000000
3190.000000
3272.000000
3298.000000
3206.000000
3032.000000
2903.000000
2841.000000
2774.000000
2828.000000
2950.000000
3045.000000
3138.000000
3367.000000
3524.000000
3609.000000
3722.000000
3778.000000
3741.000000
3723.000000
3836.000000
3807.000000
3755.000000
3787.000000
3798.000000
3747.000000
3656.000000
3570.000000
3557.000000
3572.000000
3569.000000
3506.000000
3421.000000
3370.000000
3210.000000
3025.000000
2882.000000
2623.000000
0.000000
2438.000000
2303.000000
2102.000000
1961.000000
1885.000000
2671.000000
1712.000000
1808.000000
1899.000000
1933.000000
0.000000
1932.000000
1872.000000
1917.000000
1877.000000
1773.000000
1704.000000
2534.000000
1547.000000
1561.000000
1634.000000
0.000000
1624.000000
1567.000000
1383.000000
1234.000000
1156.000000
1081.000000
1058.000000
1048.000000
1097.000000
1186.000000
1254.000000
1211.000000
1211.000000
1226.000000
1275.000000
1245.000000
1344.000000
1361.000000
1372.000000
1512.000000
1561.000000
1609.000000
1728.000000
1761.000000
1783.000000
1802.000000
1824.000000
1865.000000
1988.000000
2166.000000
2215.000000
2157.000000
2160.000000
2141.000000
2103.000000
2068.000000
2099.000000
2139.000000
2103.000000
2026.000000
2072.000000
2311.000000
2313.000000
2204.000000
2229.000000
2252.000000
2272.000000
2369.000000
2393.000000
2540.000000
2767.000000
2988.000000
2955.000000
3149.000000
3292.000000
3392.000000
3543.000000
3548.000000
3705.000000
3843.000000
3899.000000
4046.000000
4035.000000
4059.000000
4026.000000
4116.000000
4259.000000
4336.000000
4307.000000
4281.000000
4306.000000
4356.000000
4369.000000
4494.000000
4557.000000
4413.000000
4042.000000
3683.000000
3706.000000
3777.000000
3654.000000
3468.000000
3418.000000
3579.000000
3796.000000
3474.000000
3012.000000
2886.000000
2808.000000
2721.000000
2635.000000
2525.000000
2486.000000
2468.000000
2297.000000
2144.000000
2036.000000
1973.000000
1956.000000
1912.000000
1754.000000
1630.000000
1568.000000
1541.000000
1531.000000
1459.000000
1372.000000
1275.000000
1200.000000
1126.000000
1070.000000
1036.000000
933.000000
846.000000
762.000000
736.000000
687.000000
610.000000
549.000000
481.000000
404.000000
347.000000
321.000000
237.000000
204.000000
188.000000
158.000000
177.000000
239.000000
295.000000
369.000000
460.000000
529.000000
575.000000
607.000000
622.000000
672.000000
688.000000
681.000000
684.000000
687.000000
670.000000
669.000000
636.000000
621.000000
595.000000
563.000000
551.000000
517.000000
489.000000
472.000000
485.000000
481.000000
471.000000
478.000000
460.000000
450.000000
414.000000
334.000000
302.000000
245.000000
222.000000
188.000000
159.000000
143.000000
171.000000
214.000000
308.000000
369.000000
415.000000
464.000000
489.000000
524.000000
585.000000
648.000000
586.000000
638.000000
615.000000
1254.000000
617.000000
593.000000
649.000000
621.000000
660.000000
878.000000
1036.000000
1146.000000
1225.000000
1146.000000
986.000000
855.000000
733.000000
809.000000
917.000000
928.000000
941.000000
895.000000
918.000000
827.000000
805.000000
783.000000
739.000000
646.000000
669.000000
679.000000
441.000000
682.000000
1049.000000
1157.000000
990.000000
697.000000
499.000000
470.000000
402.000000
337.000000
316.000000
242.000000
213.000000
200.000000
158.000000
144.000000
134.000000
193.000000
238.000000
237.000000
256.000000
293.000000
327.000000
402.000000
486.000000
504.000000
523.000000
550.000000
584.000000
630.000000
718.000000
778.000000
840.000000
913.000000
1002.000000
1089.000000
1099.000000
1171.000000
1239.000000
1345.000000
1415.000000
1461.000000
1509.000000
1480.000000
1461.000000
1421.000000
1366.000000
1312.000000
1182.000000
1152.000000
1031.000000
0.000000
977.000000
902.000000
854.000000
741.000000
653.000000
582.000000
502.000000
743.000000
528.000000
618.000000
0.000000
607.000000
687.000000
720.000000
755.000000
816.000000
849.000000
929.000000
992.000000
1028.000000
1046.000000
1027.000000
1055.000000
1071.000000
1004.000000
1010.000000
1005.000000
947.000000
870.000000
852.000000
830.000000
801.000000
731.000000
613.000000
534.000000
442.000000
416.000000
390.000000
372.000000
365.000000
362.000000
285.000000
272.000000
227.000000
196.000000
167.000000
158.000000
153.000000
113.000000
97.000000
98.000000
108.000000
153.000000
198.000000
239.000000
270.000000
257.000000
301.000000
323.000000
333.000000
351.000000
398.000000
417.000000
491.000000
510.000000
581.000000
595.000000
600.000000
622.000000
633.000000
607.000000
612.000000
584.000000
599.000000
595.000000
599.000000
577.000000
600.000000
593.000000
588.000000
525.000000
458.000000
354.000000
268.000000
170.000000
116.000000
170.000000
264.000000
339.000000
494.000000
549.000000
653.000000
700.000000
753.000000
801.000000
816.000000
865.000000
836.000000
817.000000
807.000000
755.000000
749.000000
767.000000
729.000000
756.000000
744.000000
764.000000
728.000000
659.000000
619.000000
615.000000
593.000000
544.000000
547.000000
525.000000
536.000000
560.000000
575.000000
542.000000
512.000000
526.000000
518.000000
515.000000
481.000000
449.000000
512.000000
588.000000
602.000000
596.000000
578.000000
684.000000
766.000000
779.000000
727.000000
642.000000
541.000000
507.000000
485.000000
529.000000
534.000000
522.000000
542.000000
598.000000
666.000000
711.000000
739.000000
738.000000
742.000000
766.000000
765.000000
770.000000
790.000000
833.000000
818.000000
851.000000
872.000000
911.000000
926.000000
915.000000
900.000000
934.000000
919.000000
946.000000
919.000000
867.000000
760.000000
706.000000
658.000000
545.000000
479.000000
427.000000
411.000000
374.000000
353.000000
366.000000
329.000000
309.000000
258.000000
214.000000
194.000000
201.000000
191.000000
174.000000
176.000000
157.000000
136.000000
126.000000
101.000000
83.000000
49.000000
77.000000
106.000000
108.000000
101.000000
69.000000
57.000000
92.000000
116.000000
144.000000
156.000000
153.000000
156.000000
121.000000
95.000000
91.000000
88.000000
88.000000
113.000000
122.000000
125.000000
136.000000
163.000000
165.000000
187.000000
225.000000
251.000000
308.000000
305.000000
339.000000
385.000000
390.000000
381.000000
377.000000
418.000000
404.000000
443.000000
443.000000
454.000000
535.000000
532.000000
593.000000
637.000000
683.000000
712.000000
754.000000
794.000000
806.000000
833.000000
875.000000
911.000000
934.000000
1012.000000
1126.000000
1208.000000
1324.000000
1381.000000
1429.000000
1321.000000
1170.000000
1180.000000
1214.000000
1253.000000
1332.000000
1456.000000
1506.000000
1506.000000
1463.000000
1376.000000
1388.000000
1365.000000
1315.000000
1249.000000
1237.000000
1242.000000
1259.000000
1171.000000
1211.000000
1186.000000
1241.000000
1239.000000
1309.000000
1307.000000
1310.000000
1417.000000
1529.000000
1656.000000
1959.000000
2172.000000
2328.000000
2395.000000
2442.000000
2487.000000
2475.000000
2487.000000
2382.000000
2123.000000
1876.000000
1862.000000
1717.000000
1722.000000
1643.000000
1609.000000
1584.000000
1561.000000
1585.000000
1627.000000
1698.000000
1859.000000
2025.000000
2357.000000
2590.000000
2768.000000
2793.000000
2783.000000
2762.000000
2811.000000
2929.000000
3059.000000
3201.000000
3197.000000
3238.000000
3303.000000
3464.000000
3621.000000
3764.000000
3958.000000
4142.000000
4281.000000
4360.000000
4368.000000
4478.000000
4588.000000
4707.000000
4826.000000
4979.000000
4918.000000
4655.000000
4558.000000
4636.000000
4717.000000
4777.000000
4742.000000
4544.000000
4184.000000
4009.000000
3959.000000
3837.000000
3788.000000
3971.000000
4193.000000
4246.000000
4495.000000
4630.000000
4541.000000
4301.000000
4153.000000
4355.000000
4398.000000
4466.000000
4392.000000
4409.000000
4458.000000
4456.000000
4707.000000
4817.000000
4959.000000
4861.000000
4919.000000
4913.000000
4961.000000
5043.000000
4946.000000
4774.000000
4510.000000
4267.000000
4440.000000
4518.000000
4502.000000
4552.000000
4245.000000
3983.000000
3981.000000
4035.000000
3965.000000
3931.000000
3989.000000
3949.000000
3989.000000
4214.000000
4205.000000
4060.000000
3817.000000
3613.000000
3520.000000
3357.000000
3132.000000
2833.000000
2535.000000
2370.000000
2175.000000
2153.000000
2104.000000
2084.000000
2018.000000
1921.000000
1761.000000
1689.000000
1640.000000
1629.000000
2249.000000
1277.000000
1187.000000
1215.000000
1184.000000
1105.000000
931.000000
0.000000
808.000000
617.000000
465.000000
353.000000
216.000000
165.000000
105.000000
75.000000
78.000000
58.000000
57.000000
69.000000
39.000000
38.000000
14.000000
28.000000
17.000000
34.000000
37.000000
39.000000
50.000000
59.000000
53.000000
55.000000
55.000000
59.000000
62.000000
76.000000
141.000000
109.000000
133.000000
174.000000
210.000000
287.000000
324.000000
372.000000
404.000000
428.000000
465.000000
492.000000
511.000000
551.000000
632.000000
650.000000
672.000000
738.000000
774.000000
823.000000
884.000000
906.000000
983.000000
1059.000000
1062.000000
1111.000000
1095.000000
1106.000000
1073.000000
994.000000
903.000000
747.000000
871.000000
971.000000
1018.000000
1095.000000
1128.000000
1145.000000
1086.000000
1148.000000
1092.000000
1026.000000
994.000000
1011.000000
895.000000
785.000000
611.000000
543.000000
592.000000
660.000000
803.000000
911.000000
987.000000
1159.000000
1078.000000
1161.000000
1213.000000
1326.000000
1526.000000
1570.000000
1626.000000
1705.000000
1670.000000
1583.000000
1569.000000
1592.000000
1580.000000
1592.000000
1600.000000
1591.000000
1453.000000
1248.000000
1110.000000
997.000000
973.000000
895.000000
850.000000
776.000000
701.000000
685.000000
742.000000
838.000000
1015.000000
1854.000000
1225.000000
1131.000000
1051.000000
903.000000
949.000000
1048.000000
798.000000
761.000000
947.000000
1561.000000
1824.000000
2001.000000
2108.000000
2209.000000
2275.000000
2329.000000
2398.000000
2420.000000
2427.000000
2468.000000
2515.000000
2548.000000
2643.000000
2613.000000
2611.000000
2562.000000
2553.000000
2640.000000
2771.000000
2999.000000
3298.000000
3565.000000
3700.000000
3763.000000
3733.000000
3868.000000
3936.000000
3885.000000
3854.000000
3779.000000
3884.000000
3993.000000
4077.000000
4209.000000
4232.000000
4246.000000
4319.000000
4325.000000
4324.000000
4450.000000
4505.000000
4736.000000
4780.000000
4726.000000
4670.000000
4568.000000
4353.000000
4309.000000
4256.000000
4229.000000
4319.000000
4462.000000
4761.000000
4991.000000
5093.000000
5186.000000
5182.000000
5223.000000
5249.000000
5215.000000
5201.000000
5127.000000
4965.000000
4838.000000
4727.000000
4752.000000
4757.000000
4844.000000
4912.000000
4786.000000
4722.000000
4651.000000
4515.000000
4437.000000
4335.000000
4330.000000
4245.000000
4172.000000
4095.000000
4008.000000
3895.000000
3782.000000
3661.000000
3541.000000
3413.000000
3267.000000
3121.000000
2906.000000
2761.000000
2539.000000
2289.000000
2122.000000
2022.000000
1902.000000
1803.000000
1678.000000
1464.000000
1186.000000
963.000000
780.000000
638.000000
476.000000
311.000000
184.000000
84.000000
34.000000
5.000000
0.000000
0.000000
0.000000
0.000000
0.000000
0.000000
0.000000
0.000000
0.000000
0.000000
0.000000
0.000000
0.000000
0.000000
0.000000
0.000000
0.000000
1.000000
0.000000
0.000000
0.000000
0.000000
0.000000
0.000000
0.000000
0.000000
0.000000
0.000000
9.000000
95.000000
88.000000
97.000000
181.000000
268.000000
343.000000
373.000000
433.000000
616.000000
693.000000
857.000000
956.000000
1104.000000
1374.000000
1703.000000
2132.000000
2266.000000
2420.000000
2803.000000
3144.000000
3343.000000
3459.000000
3444.000000
3520.000000
3626.000000
3830.000000
4048.000000
4167.000000
4301.000000
4304.000000
4362.000000
4349.000000
4301.000000
4206.000000
4079.000000
3965.000000
3952.000000
3993.000000
3957.000000
3934.000000
3729.000000
3544.000000
3456.000000
3540.000000
3507.000000
3481.000000
3458.000000
3408.000000
3290.000000
3135.000000
3029.000000
2963.000000
2833.000000
2742.000000
2713.000000
2692.000000
2688.000000
2645.000000
2441.000000
2216.000000
1992.000000
1784.000000
1493.000000
1157.000000
848.000000
648.000000
530.000000
427.000000
344.000000
221.000000
128.000000
86.000000
70.000000
48.000000
27.000000
1.000000
0.000000
0.000000
0.000000
0.000000
0.000000
0.000000
0.000000
2.000000
1.000000
0.000000
0.000000
1.000000
0.000000
0.000000
0.000000
0.000000
0.000000
0.000000
1.000000
1.000000
0.000000
0.000000
0.000000
0.000000
0.000000
0.000000
0.000000
0.000000
0.000000
0.000000
0.000000
0.000000
0.000000
0.000000
0.000000
0.000000
0.000000
0.000000
0.000000
0.000000
0.000000
0.000000
0.000000
0.000000
0.000000
0.000000
0.000000
0.000000
0.000000
