0
0
0
0
0
0
0
0
0
0
0
0
0
0
0
0
0
0
0
0
0
0
0
0
0
0
0
0
0
0
0
0
0
0
0
0
0
0
0
0
0
0
0
0
0
0
0
0
0
0
0
0
0
0
0
0
0
0
0
0
0
0
0
0
0
0
0
0
0
0
0
0
0
0
8
33
78
151
256
376
589
887
1295
1871
2508
3155
3541
3569
3557
3536
3506
3495
3489
3503
3552
3634
3724
3815
3936
4175
4398
4553
4641
4662
4657
4597
4575
4527
4430
4364
4437
4526
4606
4621
4624
4642
4644
4610
4276
3938
3564
3241
3077
2891
2573
2253
1891
1605
1530
1478
1352
1171
935
728
564
501
456
386
320
288
275
249
253
248
231
216
195
162
108
52
5
0
0
0
0
0
0
0
0
0
0
0
0
0
0
0
0
0
0
0
0
0
0
0
0
0
0
0
0
0
0
0
0
0
0
0
0
0
0
0
0
0
0
0
0
0
0
0
0
0
0
0
0
0
0
0
0
0
0
0
0
0
0
0
0
0
0
0
0
0
0
0
0
0
0
0
0
0
0
0
0
0
0
0
0
0
0
0
0
0
0
0
0
0
0
0
0
0
0
0
0
0
0
0
0
0
0
0
0
0
0
0
0
0
0
0
0
0
0
0
0
0
0
0
0
0
0
0
0
0
0
0
0
0
0
0
0
0
0
0
0
0
0
0
0
0
0
0
0
0
0
0
0
0
0
0
0
0
0
0
0
0
0
0
0
0
0
0
0
0
0
0
0
0
0
0
0
0
0
0
0
0
0
0
0
0
0
0
0
0
0
0
0
0
0
0
0
0
0
0
0
0
0
0
0
0
0
0
0
0
0
0
0
0
0
0
0
0
0
0
0
0
0
0
0
0
0
0
0
0
0
0
0
0
0
0
0
0
0
0
0
0
0
0
0
0
0
0
0
0
0
0
0
0
0
0
0
0
0
0
0
0
0
0
0
0
0
0
0
0
0
0
0
0
0
0
0
0
0
0
0
0
0
0
0
0
0
0
0
0
0
0
0
0
0
0
0
0
0
0
0
0
0
0
0
0
0
0
0
0
0
0
0
0
0
0
0
0
0
0
0
0
0
0
0
0
0
0
0
0
0
0
0
0
0
0
0
0
0
0
0
0
0
0
0
0
0
0
0
0
0
0
0
0
0
0
0
0
0
0
0
0
0
0
0
0
0
0
0
0
0
0
0
0
0
0
0
0
0
0
0
0
0
0
0
0
0
0
0
0
0
0
0
0
20
68
112
143
154
162
167
168
168
168
168
175
256
438
736
960
1050
1174
1322
1489
1696
1917
2098
2171
2287
2411
2430
2413
2300
2232
2104
2036
2139
2270
2330
2435
2550
2598
2642
2679
2694
2732
2797
2934
3087
3218
3398
3623
3795
4073
4457
4942
5305
5752
6150
6654
7282
7816
8255
8481
8566
8480
8282
7855
7673
7617
7714
7771
7897
8138
8374
8480
8648
8769
8867
8961
8945
8941
8852
8646
8491
8440
8462
8428
8387
8267
8096
8038
8554
8610
8567
8536
8466
8389
8287
8169
7906
7643
7470
7413
7462
7551
7551
7551
7597
7703
7864
7916
7866
7774
7579
7508
7421
7363
7294
7238
7151
7103
7001
6760
6617
6430
6285
6142
6113
6243
6286
6309
6302
6245
6169
6092
5956
5798
5705
5567
5413
5324
5294
5294
5267
5353
5425
5515
5547
5515
5523
5535
5569
5571
5542
5528
5482
5418
5302
5249
5237
5168
5090
5033
4954
4904
4816
4754
4684
4626
4592
4552
4478
4466
4471
4494
4504
4511
4515
4509
4488
4469
4450
4440
4424
4410
4379
4381
4362
4361
4342
4322
4306
4299
4291
4272
4245
4247
4237
4227
4225
4225
4241
4245
4241
4245
4242
4246
4254
4234
4229
4204
4192
4182
4190
4188
4196
4212
4247
4290
4310
4310
4320
4348
4394
4408
4436
4453
4469
4502
4533
4546
4584
4605
4648
4644
4668
4683
4701
4713
4719
4727
4733
4718
4726
4739
4746
4726
4725
4724
4718
4711
4713
4701
4698
4687
4679
4689
4695
4692
4678
4674
4686
4693
4687
4703
4724
4735
4736
4739
4751
4741
4736
4720
4719
4715
4688
4683
4678
4662
4643
4620
4612
4582
4560
4547
4534
4511
4478
4456
4425
4395
4376
4354
4346
4319
4292
4267
4267
4243
4263
4271
4281
4292
4337
4403
4453
4511
4575
4648
4731
4801
4844
4892
4947
4980
4988
5034
5042
5030
5021
5054
5092
5119
5141
5185
5247
5261
5326
5363
5421
5458
5513
5547
5591
5623
5632
5643
5640
5640
5640
5612
5593
5570
5535
5498
5471
5422
5374
5311
5281
5233
5205
5128
5094
5057
5027
4989
4971
4952
4952
4949
4942
4867
4841
4804
4772
4748
4729
4684
4653
4624
4610
4611
4612
4615
4621
4608
4602
4626
4612
4608
4609
4603
4584
4584
4586
4570
4561
4587
4583
4598
4604
4608
4620
4620
4617
4634
4622
4617
4608
4641
4659
4689
4676
4694
4690
4713
4711
4768
4774
4799
4830
4899
4915
4978
4986
5084
5092
5118
5079
5085
5093
5119
5099
5107
5088
5055
5050
5060
4996
4960
4892
4879
4780
4736
4640
4582
4533
4502
4441
4421
4393
4418
4391
4418
4426
4463
4439
4469
4459
4486
4437
4462
4481
4523
4488
4508
4569
4645
4679
4699
4749
4740
4792
4782
4789
4809
4816
4766
4769
4762
4777
4788
4782
4798
4799
4841
4831
4901
4897
4960
4970
5050
5021
5061
5091
5151
5152
5194
5242
5228
5268
5339
5433
5461
5518
5547
5579
5591
5619
5607
5678
5686
5691
5686
5647
5643
5622
5622
5605
5590
5610
5601
5591
5648
5652
5657
5660
5651
5667
5671
5671
5670
5694
5690
5689
5692
5698
5688
5681
5677
5681
5674
5700
5679
5628
5600
5595
5570
5566
5491
5495
5512
5462
5417
5414
5370
5389
5411
5344
5335
5296
5283
5268
5258
5213
5227
5240
5261
5254
5278
5252
5281
5283
5233
5255
5237
5227
5189
5158
5127
5140
5065
5050
5035
5036
4986
5004
5008
5017
5013
5035
5085
5127
5534
5781
5885
5943
6028
6162
6333
6534
6727
6903
6956
6999
7051
7059
7095
7064
6969
6877
6870
6977
7124
7173
7219
7285
7337
7484
7726
7762
8008
8184
8333
8432
8569
8591
8658
8730
8769
8850
8932
8961
9004
9016
9077
8999
9016
9072
9110
9216
9322
9409
9426
9467
9584
9733
9853
9985
10149
10276
10438
10560
10597
10627
10625
10605
10598
10572
10525
10461
10398
10325
10246
10243
10184
10175
10170
10080
10042
10019
9951
9933
9925
9916
9919
9906
9914
9915
9904
9865
9853
9835
9810
9828
9853
9816
9819
9796
9802
9728
9722
9715
9705
9692
9681
9736
9761
9788
9846
9852
9800
9800
9792
9739
9749
9750
9689
9716
9737
9676
9700
9716
9671
9712
9707
9701
9679
9697
9663
9672
9732
9692
9716
9707
9711
9747
9736
9710
9751
9798
9821
9908
9961
9957
10007
10066
10142
10161
10272
10301
10403
10523
10571
10674
10698
10643
10627
10619
10528
10500
10470
10348
10330
10080
9977
9907
9905
9725
9650
9488
9383
9231
9174
9134
9148
9038
8958
8948
8882
8892
8857
8842
8862
8906
8938
8993
9012
9050
9110
9150
9150
9171
9212
9144
9093
9064
9009
9013
8928
8858
8829
8803
8727
8708
8598
8421
8255
8120
8001
7947
7899
7789
7719
7709
7713
7675
7694
7635
7615
7527
7481
7432
7340
7242
7161
7106
7061
7008
6997
6928
6912
6850
6827
6805
6790
6694
6661
6570
6530
6475
6426
6418
6360
6342
6348
6396
6413
6442
6415
6506
6521
6625
6741
6836
6964
7099
7265
7402
7523
7623
7688
7876
8043
8291
8703
9112
9416
9756
10107
10388
10634
10831
10955
11063
11168
11179
11208
11084
10992
10881
10768
10692
10523
10362
10290
10281
10270
10276
10298
10272
10195
10153
10047
10068
10071
10143
10281
10456
10636
10837
11043
11248
11464
11582
11732
11882
12046
12105
12139
12123
12029
11887
11815
11625
11442
11135
10855
10634
10332
9997
9736
9736
9401
9127
8895
8735
8619
8587
8618
8599
8598
8548
8552
8521
8493
8505
8448
8424
8363
8182
8088
8012
7939
7939
7801
7752
7686
7606
7589
7547
7471
7387
7271
7247
7141
7084
7052
7056
6999
6940
6905
6904
6829
6852
6848
6861
6884
6913
7001
7062
7165
7250
7334
7547
7708
7832
7955
8030
8118
8193
8265
8292
8333
8308
8234
8079
8042
8051
8153
8327
8524
8727
8881
9076
9392
9687
10060
10308
10507
10673
10795
11005
11210
11345
11451
11420
11246
11155
11077
11108
11212
11311
11402
11451
11521
11492
11511
11492
11464
11400
11352
11310
11170
11094
10887
10749
10518
10380
10217
10212
10137
10133
10103
10084
10159
10201
10196
10265
10261
10178
10156
10132
10019
9831
9549
9200
8890
8590
8277
7934
7597
7240
6948
6661
6386
6137
5951
5795
5694
5557
5453
5362
5320
5280
5272
5258
5264
5232
5214
5208
5195
5189
5174
5170
5182
5179
5182
5198
5221
5214
5219
5192
5165
5116
5073
4985
4937
4857
4822
4768
4728
4697
4635
4618
4588
4590
4577
4590
4585
4592
4586
4560
4542
4522
4537
4508
4538
4534
4549
4560
4561
4568
4608
4629
4631
4660
4673
4712
4675
4694
4687
4713
4711
4725
4767
4803
4781
4805
4857
4949
4916
5022
5013
5074
5045
5064
5055
5121
5049
5080
5040
5080
4981
4973
4922
4932
4889
4868
4870
4867
4782
4760
4730
4777
4735
4715
4713
4716
4703
4703
4705
4721
4717
4732
4731
4739
4748
4765
4782
4810
4860
4889
4919
4954
4992
5022
5040
5067
5136
5188
5255
5314
5353
5392
5430
5469
5493
5527
5544
5565
5526
5534
5551
5539
5499
5440
5371
5298
5207
5174
5181
5181
5119
5094
5099
5072
5042
4996
4934
4914
4908
4898
4881
4867
4884
4889
4875
4847
4823
4783
4776
4737
4741
4710
4695
4705
4688
4661
4622
4563
4518
4484
4477
4423
4398
4383
4363
4339
4319
4287
4277
4243
4227
4194
4206
4199
4192
4191
4203
4214
4220
4213
4203
4170
4163
4154
4163
4171
4182
4193
4216
4249
4274
4285
4306
4348
4359
4411
4451
4516
4548
4572
4634
4675
4724
4763
4826
4840
4834
4813
4820
4800
4794
4792
4782
4774
4766
4775
4779
4783
4790
4800
4796
4793
4756
4740
4703
4667
4628
4581
4546
4520
4453
4344
4281
4218
4141
4066
4040
4037
4031
4000
4007
4002
3959
3946
3950
3956
3964
3986
3994
4007
4039
4102
4102
4080
4082
4121
4127
4165
4142
4153
4131
4154
4164
4211
4186
4180
4180
4203
4224
4251
4259
4296
4344
4324
4346
4363
4391
4414
4475
4517
4571
4607
4607
4653
4658
4694
4709
4755
4812
4847
4891
4908
4900
4881
4852
4833
4804
4792
4793
4783
4765
4782
4753
4756
4737
4726
4729
4730
4753
4781
4780
4791
4802
4817
4826
4834
4848
4847
4850
4830
4813
4789
4789
4784
4784
4786
4789
4795
4805
4807
4803
4795
4797
4802
4814
4806
4809
4821
4848
4859
4885
4899
4926
4943
4969
4975
4974
4948
4930
4939
4932
4942
4950
4960
5008
5036
5085
5103
5132
5164
5169
5222
5269
5309
5348
5350
5304
5298
5305
5322
5267
5307
5310
5371
5372
5401
5404
5404
5411
5384
5371
5318
5315
5310
5360
5342
5372
5368
5363
5343
5338
5307
5254
5258
5283
5295
5324
5374
5360
5391
5481
5469
5499
5558
5561
5593
5522
5575
5611
5591
5597
5586
5567
5646
5648
5594
5619
5659
5671
5754
5778
5736
5663
5591
5581
5653
5788
5924
5979
6048
5957
5896
5937
5924
5957
5932
6001
6121
6303
6425
6663
6761
6928
7082
7235
7262
7334
7339
7330
7444
7468
7643
7750
7788
7858
7885
7955
7987
8061
8150
8040
7862
7893
7888
7916
7811
7827
7821
8046
8039
8057
7975
8070
8102
8205
8161
8214
8133
8082
7929
7997
8021
7943
7939
8010
8116
8159
8281
8134
8141
7972
7921
7903
7880
7945
8061
8170
8239
8367
8340
8359
8284
8208
7987
7959
8053
8244
8291
8223
8235
8213
8176
8105
7841
7526
7127
6779
6515
6245
6002
5731
5430
5171
4931
4685
4449
4224
4027
3561
3293
3050
2858
2675
2455
2309
2312
2235
2133
2066
1987
1916
1885
1885
1883
1884
1890
1895
1896
1904
1909
1916
1914
1918
1906
1908
1913
1917
1918
1921
1920
1929
1926
1934
1939
1960
1955
1972
1974
1992
1980
1998
1985
2008
2031
2032
2042
2028
2030
2009
2024
2018
1977
1942
1931
1933
1889
1865
1861
1879
1887
1867
1888
1888
1911
1901
1901
1874
1865
1798
1748
1696
1602
1626
1626
1650
1628
1663
1680
1731
1705
1703
1691
1712
1715
1688
1724
1752
1859
1922
2031
2183
2315
2437
2504
2566
2575
2557
2512
2443
2455
2457
2407
2412
2451
2390
2437
2398
2425
2391
2396
2360
2367
2287
2286
2246
2281
2225
2225
2218
2260
2234
2254
2241
2269
2258
2216
2169
2199
2196
2261
2298
2303
2309
2373
2404
2399
2399
2382
2394
2461
2470
2575
2692
2754
2746
2822
2898
2972
3038
3100
3211
3210
3234
3258
3255
3262
3227
3296
3302
3350
3363
3413
3461
3519
3605
3661
3666
3710
3745
3639
3709
3641
3742
3781
3874
4002
4107
4202
4394
4594
4823
4977
5155
5182
5333
5437
5501
5552
5517
5350
5161
4991
4871
4748
4718
4831
4837
4811
4767
4667
4589
4554
4522
4490
4450
4388
4353
4299
4155
4011
3825
3628
3401
3236
3075
2956
2817
2684
2489
2269
2043
1766
1510
1244
1050
926
827
674
541
378
264
168
116
96
96
96
96
96
96
96
96
96
96
96
96
96
96
96
96
96
96
96
96
96
96
96
96
96
96
96
96
96
96
96
96
96
109
205
287
352
429
541
659
835
1040
1194
1435
1723
2006
2269
2507
2681
2773
2797
3012
3540
3964
4318
4717
5070
5363
5469
5584
5662
5717
5685
5631
5548
5419
5270
5134
5006
4853
4659
4394
4281
4230
4148
4086
4025
3992
3958
3893
3875
3866
3834
3774
3723
3747
3763
3760
3730
3565
3293
2938
2566
2180
1846
1522
1192
905
650
443
289
194
161
131
107
95
93
93
93
93
93
93
93
93
93
93
93
93
93
93
93
93
93
93
93
93
93
93
93
93
93
93
93
93
93
93
93
93
93
93
93
93
93
92
92
93
93
93
93
93
93
93
93
93
93
93
