0
0
0
0
0
0
0
0
0
0
0
0
0
0
0
0
0
0
0
0
0
0
0
0
0
0
0
0
0
0
0
0
0
0
0
0
0
0
0
0
0
0
0
0
0
0
0
0
0
0
0
0
0
0
0
0
0
0
0
0
0
0
0
0
0
0
0
0
0
0
0
0
0
0
0
0
0
0
0
0
0
0
0
0
0
0
0
0
0
0
0
0
0
0
0
0
0
0
0
0
0
0
0
0
0
0
0
0
0
0
0
0
0
0
0
0
0
0
0
0
0
0
0
0
0
0
0
0
0
0
0
0
0
0
0
0
0
0
0
0
0
0
0
0
0
0
0
0
0
0
0
0
0
0
119
260
388
537
633
741
867
968
1146
1628
2255
3127
4025
4625
5158
5610
5808
5785
5942
6430
6802
7242
7483
7681
7784
7721
7779
8210
8447
8656
8599
8468
8313
7782
7134
6642
6269
5995
5614
5242
4964
4643
4287
3872
3718
3635
3545
3500
3506
3529
3626
3865
4177
4524
4802
5065
5084
5294
5533
5753
6044
6347
6583
6902
7142
7472
7779
8071
8292
8395
8308
8249
8098
8006
8018
8057
8066
8232
8411
8611
8847
9066
9334
9577
9812
9988
10026
10015
9889
9880
9855
9793
9735
9655
9637
9596
9553
9513
9462
9445
9431
9348
9248
9137
9053
8993
8929
8898
8828
8763
8638
8560
8495
8391
8271
8052
7963
7820
7747
7716
7714
7727
7653
7596
7597
7724
7538
7573
7614
7589
7579
7614
7659
7846
8003
8107
8118
8139
8013
7806
7678
7488
7346
7190
7086
6953
6856
6864
6916
6957
7055
7117
7193
7285
7347
7375
7425
7514
7623
7796
7940
7958
7934
7949
8019
8037
8081
8150
8196
8230
8261
8314
8353
8363
8396
8423
8471
8431
8467
8471
8509
8481
8479
8467
8463
8427
8425
8397
8415
8397
8392
8369
8390
8345
8320
8299
8317
8300
8307
8304
8325
8292
8287
8248
8237
8221
8204
8210
8220
8197
8196
8191
8181
8216
8227
8236
8253
8235
8239
8250
8267
8259
8259
8275
8272
8260
8228
8200
8171
8121
8083
8070
8071
8052
8068
8059
8068
8063
8072
8056
8049
8043
8054
8052
8066
8068
8080
8066
8077
8082
8088
8098
8092
8076
8061
8077
8071
8060
8054
8062
8078
8087
8111
8139
8181
8175
8172
8208
8185
8177
8176
8166
8144
8145
8136
8129
8136
8130
8133
8136
8143
8100
8103
8072
8009
7980
7979
7954
7967
7973
7984
7982
7985
7978
7991
7989
7995
7986
7981
7976
7975
7984
7992
7992
7989
7952
7955
7954
7988
8003
8001
8008
8012
8012
8047
8052
8078
8085
8160
8176
8232
8265
8291
8319
8329
8318
8314
8332
8329
8352
8355
8360
8357
8362
8367
8360
8346
8321
8336
8342
8329
8318
8318
8311
8295
8295
8309
8303
8311
8319
8324
8318
8316
8313
8317
8318
8315
8310
8312
8316
8317
8315
8310
8303
8314
8318
8321
8320
8333
8340
8327
8324
8324
8322
8318
8322
8313
8305
8304
8297
8287
8244
8255
8236
8227
8219
8224
8208
8214
8204
8217
8201
8195
8186
8192
8176
8169
8177
8186
8186
8169
8171
8180
8190
8194
8193
8199
8195
8212
8213
8223
8252
8289
8318
8331
8339
8349
8348
8360
8364
8359
8372
8382
8387
8384
8391
8391
8391
8387
8383
8385
8384
8383
8383
8382
8385
8388
8389
8385
8393
8383
8383
8384
8381
8381
8377
8373
8372
8375
8366
8352
8350
8368
8379
8379
8377
8388
8387
8387
8385
8395
8387
8392
8395
8390
8388
8377
8384
8379
8370
8368
8377
8369
8360
8353
8355
8344
8345
8338
8340
8339
8333
8327
8321
8336
8332
8328
8345
8328
8314
8271
8210
8179
8147
8149
8135
8138
8153
8144
8136
8134
8149
8148
8161
8146
8142
8173
8217
8229
8299
8354
8380
8431
8471
8507
8529
8573
8600
8610
8622
8646
8650
8674
8654
8646
8620
8622
8638
8640
8645
8648
8643
8645
8659
8664
8637
8633
8638
8653
8659
8666
8660
8667
8646
8652
8633
8641
8633
8620
8624
8621
8611
8612
8614
8622
8604
8603
8600
8598
8589
8587
8568
8555
8515
8498
8509
8514
8493
8498
8467
8482
8484
8476
8500
8493
8465
8458
8427
8418
8374
8349
8321
8312
8306
8292
8275
8255
8237
8220
8243
8267
8241
8233
8223
8231
8217
8250
8206
8187
8185
8187
8163
8162
8155
8167
8160
8141
8156
8173
8149
8165
8145
8145
8096
8071
8036
8013
7983
7942
7917
7881
7857
7846
7849
7842
7814
7778
7808
7831
7849
7851
7879
7892
7897
7885
7912
7924
7907
7893
7870
7899
7859
7852
7814
7813
7795
7771
7791
7812
7844
7885
7904
7977
8014
8018
8044
8104
8133
8147
8145
8191
8200
8207
8217
8236
8211
8195
8186
8206
8190
8193
8175
8171
8111
8089
8071
8067
8095
8143
8154
8174
8164
8167
8180
8220
8197
8211
8201
8205
8189
8199
8180
8196
8204
8249
8247
8273
8285
8281
8321
8297
8233
8207
8175
8183
8110
8097
8061
8055
7983
7939
7887
7845
7804
7779
7751
7735
7715
7693
7684
7698
7684
7666
7669
7670
7663
7686
7676
7722
7718
7769
7818
7834
7849
7871
7903
7912
7934
7980
7975
7990
7997
8022
8033
8045
8020
8019
8000
8011
8027
8038
8050
8088
8082
8094
8106
8128
8110
8151
8154
8176
8189
8171
8168
8165
8135
8122
8117
8135
8105
8104
8100
8114
8096
8021
7986
7971
7938
7900
7902
7930
7927
7928
7933
7950
7947
7937
7942
7942
7952
7960
7967
7958
7977
7972
7993
7989
7981
7993
7996
7978
7989
7995
8005
8012
8005
7998
8007
8009
8023
8020
8011
8006
8008
8008
8013
8018
8021
8023
8016
8013
8007
8013
8010
8014
8010
8011
8001
8001
8003
8002
8008
8006
8005
8004
8004
8009
8005
8007
7996
8004
7996
7999
8000
8000
7999
8045
8044
8044
8044
8049
8031
8032
8028
8020
8021
8020
8023
8036
8038
8040
8039
8034
8052
8044
8051
8055
8068
8063
8088
8125
8168
8163
8153
8089
7952
7901
7800
7734
7683
7573
7572
7587
7580
7612
7637
7691
7732
7854
7901
7902
7964
7990
8088
8200
8323
8383
8415
8403
8392
8326
8275
8236
8207
8158
8144
8122
8101
8106
8137
8174
8204
8222
8235
8257
8277
8284
8289
8299
8285
8272
8265
8279
8280
8288
8289
8275
8263
8265
8263
8255
8255
8260
8231
8213
8194
8201
8190
8207
8199
8188
8153
8124
8086
8035
8027
7997
7970
7977
7999
8018
8063
8076
8105
8106
8093
8075
8103
8105
8113
8108
8105
8103
8093
8113
8118
8107
8103
8095
8089
8083
8075
8089
8085
8087
8091
8103
8097
8093
8073
8081
8081
8097
8092
8090
8091
8091
8089
8090
8089
8090
8081
8079
8084
8083
8075
8077
8075
8071
8061
8062
8052
8056
8051
8045
8049
8034
8047
8042
8043
8050
8053
8051
8043
8037
8032
8032
8034
8033
8035
8035
8025
8024
8013
8007
8008
8023
8021
8022
8002
8003
7994
7998
7995
7994
7985
7989
7988
7994
7996
8016
8028
8030
8046
8052
8078
8062
8058
8081
8089
8100
8104
8098
8106
8092
8092
8102
8104
8097
8098
8091
8096
8105
8102
8089
8087
8076
8061
8053
8059
8058
8048
8044
8041
8049
8050
8063
8085
8090
8098
8109
8105
8099
8080
8091
8060
8067
8049
8046
8072
8081
8104
8119
8153
8193
8205
8234
8248
8245
8268
8297
8305
8300
8322
8333
8336
8342
8361
8368
8379
8383
8385
8388
8391
8400
8401
8399
8392
8389
8392
8394
8396
8394
8396
8387
8388
8390
8387
8399
8387
8370
8377
8380
8384
8381
8375
8371
8396
8376
8366
8344
8361
8360
8362
8370
8362
8369
8379
8381
8382
8379
8379
8377
8378
8374
8374
8383
8392
8395
8390
8396
8412
8412
8421
8420
8428
8429
8426
8429
8425
8423
8418
8411
8398
8385
8387
8386
8375
8381
8380
8377
8368
8370
8367
8370
8364
8366
8361
8366
8357
8350
8346
8347
8341
8346
8345
8349
8348
8351
8357
8356
8351
8346
8341
8337
8335
8321
8321
8322
8329
8324
8324
8308
8304
8313
8313
8314
8316
8306
8311
8319
8298
8316
8326
8324
8331
8329
8328
8325
8321
8315
8322
8314
8301
8304
8293
8293
8290
8290
8297
8304
8305
8305
8313
8309
8307
8298
8298
8292
8287
8281
8278
8269
8274
8280
8285
8289
8290
8289
8287
8281
8283
8281
8285
8283
8279
8275
8275
8274
8275
8275
8277
8273
8278
8269
8272
8267
8265
8265
8261
8262
8254
8260
8261
8260
8266
8263
8266
8260
8264
8264
8265
8265
8269
8258
8246
8185
8109
8100
8098
8085
8080
8077
8080
8083
8093
8089
8093
8111
8113
8114
8117
8105
8114
8130
8144
8133
8138
8134
8155
8145
8164
8170
8214
8212
8260
8320
8362
8391
8438
8501
8571
8577
8589
8601
8579
8538
8517
8495
8467
8524
8552
8530
8545
8558
8557
8585
8578
8666
8772
8896
9003
9087
9252
9392
9575
9640
9672
9626
9469
9267
9041
8806
8654
8396
8221
8067
8072
8078
8103
8100
8155
8177
8160
8213
8219
8248
8252
8241
8261
8277
8264
8282
8252
8256
8204
8195
8175
8124
8102
8147
8106
8188
8221
8226
8222
8242
8245
8268
8307
8329
8316
8356
8369
8401
8397
8422
8431
8454
8438
8445
8443
8455
8434
8409
8406
8396
8368
8351
8338
8318
8274
8240
8200
8212
8173
8170
8152
8150
8131
8106
8118
8135
8109
8088
8072
8091
8076
8077
8069
8106
8125
8153
8155
8163
8151
8165
8179
8168
8161
8149
8154
8142
8131
8112
8124
8120
8111
8108
8076
8058
8049
8054
8013
8031
8003
7968
7929
7920
7920
7898
7891
7895
7885
7881
7878
7921
7926
7946
7934
7961
8019
8029
8043
8060
8089
8099
8120
8129
8192
8192
8234
8257
8313
8329
8348
8386
8437
8421
8424
8438
8431
8413
8408
8390
8391
8370
8361
8353
8363
8347
8360
8347
8342
8337
8328
8329
8315
8299
8263
8267
8263
8255
8240
8254
8256
8265
8255
8241
8236
8212
8205
8191
8189
8182
8151
8139
8127
8121
8102
8091
8073
8071
8059
8049
8044
8032
7997
8000
8010
8001
8011
8016
8019
8027
8034
8049
8057
8063
8071
8070
8083
8089
8083
8086
8100
8112
8109
8114
8108
8101
8113
8107
8106
8111
8115
8119
8119
8122
8128
8115
8115
8118
8124
8108
8104
8103
8104
8098
8096
8084
8079
8082
8073
8064
8048
8054
8036
8019
8006
7995
7973
7974
7946
7933
7931
7909
7901
7891
7884
7884
7882
7882
7894
7893
7890
7896
7902
7900
7909
7916
7919
7918
7933
7937
7934
7943
7954
7959
7969
7979
7984
7996
8013
8022
8030
8045
8059
8070
8078
8098
8115
8123
8141
8153
8176
8176
8185
8208
8218
8232
8245
8249
8262
8275
8283
8291
8289
8295
8293
8289
8297
8294
8296
8300
8288
8270
8270
8269
8273
8257
8249
8241
8208
8195
8180
8163
8168
8151
8141
8127
8106
8096
8074
8074
8041
8031
8014
8006
7969
7984
7957
7947
7939
7944
7920
7922
7922
7898
7908
7922
7916
7929
7936
7945
7940
7952
7960
7959
7963
7976
7980
8011
8028
8025
8027
8045
8066
8081
8097
8110
8109
8125
8141
8148
8160
8164
8186
8201
8203
8209
8218
8229
8213
8205
8224
8231
8227
8212
8235
8227
8220
8224
8223
8227
8218
8217
8219
8225
8226
8222
8225
8229
8226
8226
8217
8209
8219
8225
8232
8238
8238
8241
8241
8245
8242
8242
8241
8238
8237
8235
8235
8238
8235
8234
8234
8236
8234
8234
8234
8234
8228
8227
8225
8225
8229
8230
8229
8232
8227
8229
8229
8236
8228
8227
8221
8225
8223
8219
8219
8221
8219
8218
8219
8220
8218
8220
8220
8221
8221
8219
8218
8219
8221
8219
8219
8221
8219
8223
8222
8230
8231
8229
8230
8231
8229
8231
8231
8236
8230
8235
8235
8236
8231
8231
8231
8233
8234
8236
8235
8238
8235
8220
8234
8237
8213
8239
8239
8243
8242
8244
8241
8241
8240
8248
8246
8246
8246
8249
8248
8248
8248
8249
8248
8249
8249
8250
8249
8250
8251
8251
8251
8251
8249
8248
8246
8245
8244
8249
8241
8242
8240
8218
8229
8238
8238
8238
8238
8240
8238
8241
8233
8235
8231
8233
8233
8233
8232
8231
8229
8228
8228
8229
8232
8230
8231
8231
8230
8231
8231
8235
8228
8228
8231
8235
8231
8230
8230
8243
8240
8239
8239
8239
8229
8229
8225
8210
8211
8215
8216
8227
8229
8229
8229
8229
8216
8215
8217
8208
8213
8223
8220
8233
8226
8229
8225
8228
8230
8237
8236
8244
8242
8243
8242
8245
8241
8241
8239
8240
8239
8242
8239
8240
8242
8239
8239
8238
8234
8230
8233
8239
8238
8238
8238
8237
8230
8230
8229
8229
8227
8226
8226
8226
8226
8226
8225
8224
8221
8222
8222
8221
8218
8217
8219
8219
8205
8206
8200
8195
8197
8211
8209
8219
8212
8207
8211
8212
8212
8211
8211
8211
8210
8210
8210
8209
8211
8211
8211
8213
8212
8213
8212
8213
8209
8209
8209
8209
8209
8209
8208
8204
8205
8204
8203
8202
8203
8209
8206
8206
8199
8199
8193
8197
8191
8189
8194
8193
8184
8190
8185
8186
8187
8193
8194
8195
8187
8189
8177
8173
8182
8189
8187
8190
8191
8192
8186
8200
8202
8199
8202
8204
8202
8202
8199
8195
8190
8185
8182
8179
8175
8168
8169
8171
8168
8164
8157
8153
8148
8142
8141
8134
8123
8121
8114
8099
8084
8072
8061
8047
8022
8017
7971
7975
7957
7950
7919
7914
7893
7866
7846
7838
7800
7794
7755
7751
7733
7722
7683
7664
7651
7628
7642
7648
7647
7654
7651
7661
7665
7664
7670
7670
7682
7684
7696
7699
7701
7710
7720
7724
7736
7745
7758
7774
7784
7807
7814
7828
7855
7886
7898
7921
7942
7971
7983
8018
8037
8067
8075
8101
8121
8122
8145
8155
8161
8217
8206
8250
8323
8343
8386
8420
8451
8405
8376
8348
8329
8268
8277
8347
8449
8560
8393
8182
8201
8274
8081
7998
7932
7886
7766
7596
7546
7458
7322
7310
7259
7135
7055
6951
6849
6798
6820
6809
6850
6850
6860
6835
6870
6853
6850
6862
6878
6884
6918
6924
6944
6987
7035
7028
7047
7000
6961
6989
7094
7001
6722
6397
6343
6343
6544
6906
7325
7573
7975
7922
7851
7837
7938
8222
8634
9221
9862
10307
10890
11277
11801
12523
12292
11960
11600
11462
11261
11300
11660
11841
11729
11891
11571
11049
10302
9435
8683
7894
7267
6780
6357
6063
5659
5326
5132
5019
5011
5010
5007
5012
5011
5009
5009
4999
4996
5002
4999
4999
4994
4990
4995
4995
4996
4993
4983
4981
4980
4979
4975
4974
4974
4981
4969
4966
4964
4967
4964
4964
4964
4968
4966
4967
4967
4965
4965
4963
4967
4964
4963
4962
4962
4960
4954
4955
4954
4951
4953
4953
4950
4951
4944
4944
4941
4942
4941
4941
4941
4942
4945
4945
4951
4949
4949
4951
4951
4947
4946
4945
4945
4945
4945
4928
4928
4928
4928
4928
4928
4928
4928
4928
4928
4928
4928
4928
4928
