0
0
1
4
8
9
16
24
39
54
78
86
97
100
102
105
111
114
117
122
132
128
130
119
116
112
116
116
123
121
124
123
148
155
207
216
260
285
310
328
349
376
396
417
454
444
492
516
546
549
543
562
613
655
672
688
724
739
771
791
806
829
854
898
919
924
938
959
973
976
990
1010
1035
1053
1076
1086
1106
1090
1099
1108
1103
1123
1128
1135
1149
1174
1204
1230
1258
1267
1285
1341
1354
1384
1396
1396
1398
1398
1391
1405
1428
1455
1494
1508
1512
1513
1531
1508
1520
1519
1526
1542
1547
1550
1528
1533
1554
1574
1589
1641
1646
1627
1649
1677
1705
1735
1752
1787
1853
1925
1997
2068
2067
2123
2142
2209
2237
2276
2312
2352
2382
2459
2521
2521
2585
2659
2740
2841
2962
3113
3286
3385
3445
3541
3635
3692
3737
3764
3812
3917
4007
4083
4185
4274
4345
4473
4598
4675
4680
4685
4679
4698
4726
4761
4771
4823
4906
4951
5062
5152
5249
5260
5282
5276
5237
5141
5065
5013
4993
4957
4929
4895
4885
4873
4885
4905
4913
4815
4716
4587
4586
4465
4387
4374
4316
4286
4274
4265
4271
4257
4266
4254
4249
4247
4261
4271
4237
4192
4116
4034
3911
3776
3586
3389
3203
3066
2939
2868
2761
2584
2322
2095
1944
1764
1593
1479
1375
1277
1241
1211
1217
1219
1242
1278
1318
1355
1390
1412
1421
1421
1412
1396
1379
1350
1318
1268
1209
1132
1082
1083
1118
1171
1254
1344
1467
1584
1667
1676
1662
1653
1657
1668
1693
1744
1785
1822
1875
1916
1957
1973
1977
1967
1925
1871
1819
1718
1628
1558
1526
1497
1485
1482
1482
1490
1500
1501
1522
1537
1539
1543
1534
1534
1536
1537
1546
1547
1555
1560
1556
1559
1567
1562
1555
1544
1539
1536
1525
1520
1516
1509
1502
1491
1489
1474
1465
1457
1459
1447
1443
1443
1446
1435
1435
1435
1427
1415
1405
1406
1385
1365
1346
1336
1322
1319
1318
1306
1296
1279
1271
1266
1254
1250
1247
1248
1248
1241
1243
1244
1245
1250
1252
1260
1263
1264
1270
1272
1277
1283
1303
1310
1307
1299
1292
1276
1273
1268
1268
1274
1281
1301
1308
1306
1317
1318
1326
1328
1336
1338
1346
1361
1365
1371
1375
1379
1386
1392
1391
1392
1388
1389
1381
1384
1381
1393
1418
1438
1449
1450
1456
1458
1456
1456
1455
1447
1441
1444
1447
1457
1461
1462
1459
1464
1461
1460
1461
1457
1448
1430
1397
1379
1370
1358
1364
1365
1376
1382
1404
1411
1420
1417
1421
1393
1410
1359
1335
1314
1323
1312
1327
1319
1332
1322
1325
1331
1339
1347
1351
1358
1375
1372
1391
1409
1437
1443
1455
1432
1433
1424
1437
1433
1441
1430
1430
1411
1405
1391
1384
1372
1371
1358
1367
1363
1367
1372
1354
1352
1354
1354
1362
1357
1375
1367
1366
1373
1394
1406
1428
1468
1487
1510
1516
1522
1538
1551
1570
1635
1687
1705
1739
1738
1792
1831
1866
1874
1883
1884
1880
1925
1974
1991
2032
2028
2043
2044
2091
2063
2085
2119
2123
2139
2144
2177
2206
2224
2278
2270
2273
2276
2301
2307
2319
2346
2368
2376
2372
2395
2409
2438
2431
2438
2410
2412
2439
2480
2481
2489
2461
2448
2462
2465
2457
2470
2483
2492
2495
2533
2589
2639
2687
2743
2790
2824
2868
2897
2935
2972
3015
3025
3042
3037
3063
3081
3084
3106
3119
3091
3078
3064
3078
3093
3080
3070
3083
3130
3135
3167
3194
3185
3191
3213
3225
3246
3270
3314
3349
3367
3364
3389
3393
3404
3396
3442
3440
3447
3474
3479
3466
3492
3483
3507
3532
3549
3519
3475
3405
3382
3483
3564
3619
3652
3692
3657
3610
3559
3544
3529
3475
3471
3506
3562
3639
3635
3641
3572
3520
3510
3481
3483
3464
3468
3482
3441
3458
3469
3464
3523
3559
3555
3559
3541
3508
3485
3475
3542
3561
3540
3502
3473
3462
3487
3488
3489
3523
3537
3566
3603
3626
3624
3654
3668
3686
3739
3732
3701
3706
3697
3735
3742
3733
3735
3760
3772
3774
3774
3772
3781
3795
3805
3799
3809
3774
3748
3726
3682
3658
3645
3591
3585
3566
3576
3567
3564
3572
3601
3590
3620
3647
3689
3718
3742
3757
3792
3778
3815
3848
3853
3862
3870
3860
3869
3896
3885
3914
3949
3982
3970
3984
4013
4061
4077
4097
4128
4177
4190
4208
4265
4302
4345
4390
4421
4431
4432
4431
4464
4474
4493
4527
4534
4531
4569
4602
4632
4653
4728
4776
4805
4851
4899
4928
4947
4941
4950
4960
4949
4925
4903
4889
4851
4837
4819
4809
4771
4733
4716
4718
4657
4617
4585
4548
4500
4482
4452
4397
4349
4304
4292
4278
4220
4214
4209
4201
4164
4168
4171
4158
4152
4171
4168
4182
4192
4192
4212
4229
4205
4221
4215
4236
4225
4235
4248
4273
4289
4317
4337
4367
4384
4395
4406
4430
4408
4422
4420
4444
4431
4418
4415
4423
4405
4389
4389
4377
4349
4340
4337
4340
4318
4305
4314
4322
4301
4314
4307
4327
4328
4330
4352
4336
4309
4307
4269
4261
4244
4234
4208
4181
4147
4118
4078
4045
4023
3987
3993
3975
3968
3964
3944
3947
3924
3921
3918
3932
3899
3894
3869
3861
3824
3794
3800
3808
3786
3792
3804
3812
3816
3819
3840
3852
3854
3868
3886
3908
3894
3908
3912
3913
3929
3920
3927
3935
3939
3952
3973
3977
3966
3989
3959
3961
3933
3894
3891
3887
3852
3859
3852
3893
3891
3901
3893
3917
3896
3901
3907
3935
3943
3946
3983
3995
3992
3989
4022
4045
4014
4027
4020
4046
4031
4050
4038
4057
4047
4036
4016
4047
4058
4099
4097
4125
4113
4144
4125
4156
4097
4111
4091
4079
4067
4089
4114
4107
4112
4117
4135
4130
4147
4158
4193
4214
4250
4297
4326
4344
4378
4411
4442
4450
4479
4540
4557
4599
4664
4716
4761
4795
4809
4821
4851
4868
4885
4932
4948
4993
4970
4993
4941
4926
4929
4881
4875
4884
4853
4872
4881
4886
4854
4859
4862
4913
4885
4959
4996
5084
5112
5082
5044
5024
4986
5030
5050
5039
5056
5042
4945
4896
4906
4875
4853
4815
4749
4748
4802
4789
4849
4888
4870
4925
4941
4951
5013
5106
5134
5271
5341
5399
5475
5520
5561
5615
5640
5664
5681
5672
5681
5677
5676
5676
5681
5638
5618
5584
5572
5559
5509
5504
5476
5403
5369
5344
5284
5264
5273
5228
5219
5238
5246
5229
5275
5259
5272
5318
5348
5374
5427
5460
5534
5580
5591
5629
5642
5663
5658
5659
5656
5677
5642
5661
5648
5666
5619
5604
5557
5556
5509
5527
5503
5481
5482
5465
5459
5478
5492
5538
5567
5597
5577
5562
5559
5559
5556
5532
5511
5502
5493
5503
5539
5589
5647
5675
5723
5740
5747
5761
5775
5801
5837
5831
5850
5855
5897
5909
5927
5909
5876
5835
5763
5727
5699
5701
5670
5628
5567
5549
5533
5495
5449
5442
5432
5450
5462
5463
5439
5453
5446
5481
5470
5488
5500
5502
5507
5516
5485
5494
5487
5494
5476
5478
5464
5468
5485
5502
5520
5548
5585
5631
5658
5710
5704
5714
5724
5681
5679
5674
5603
5517
5471
5379
5309
5262
5236
5218
5215
5178
5165
5182
5196
5235
5274
5302
5330
5380
5435
5450
5485
5508
5517
5563
5572
5620
5627
5664
5678
5718
5713
5737
5747
5766
5801
5830
5812
5804
5824
5844
5849
5865
5873
5865
5889
5894
5943
5989
5991
6032
6018
6067
6081
6070
6070
6090
6081
6088
6122
6107
6102
6129
6121
6145
6169
6145
6161
6160
6168
6156
6186
6181
6175
6214
6175
6179
6187
6152
6139
6175
6161
6178
6169
6146
6122
6122
6119
6116
6093
6033
6065
6033
6032
6021
5972
5969
5934
5948
5983
5990
6065
6093
6135
6139
6177
6217
6217
6207
6217
6195
6190
6202
6186
6171
6172
6161
6140
6112
6083
6097
6077
6057
6049
6020
5982
5974
5952
5963
5967
5958
5973
5950
5970
5953
5930
5915
5956
5939
5912
5854
5822
5780
5793
5773
5754
5748
5733
5721
5739
5721
5680
5657
5658
5636
5678
5727
5766
5832
5843
5861
5897
5906
5954
6008
6025
6031
6092
6152
6171
6222
6291
6305
6370
6422
6426
6456
6477
6464
6481
6518
6511
6525
6515
6507
6495
6475
6477
6480
6533
6552
6569
6607
6614
6583
6589
6625
6625
6617
6628
6612
6596
6664
6662
6697
6716
6754
6759
6784
6776
6757
6760
6760
6723
6739
6773
6724
6764
6779
6754
6760
6782
6775
6823
6824
6845
6867
6851
6850
6818
6801
6745
6745
6730
6721
6697
6632
6599
6542
6545
6536
6535
6585
6620
6689
6691
6782
6784
6816
6807
6852
6854
6900
6939
7002
7013
7103
7091
7130
7187
7156
7177
7192
7190
7187
7146
7119
7081
7053
6971
6977
6940
6941
6906
6903
6926
6922
6936
7017
7071
7120
7144
7186
7211
7259
7294
7312
7348
7401
7418
7506
7527
7576
7603
7602
7593
7567
7504
7453
7372
7290
7176
7114
7045
7024
7039
7131
7163
7194
7219
7327
7353
7422
7404
7448
7405
7393
7396
7363
7340
7336
7359
7353
7366
7398
7396
7394
7356
7296
7255
7199
7112
7023
6950
6904
6852
6806
6744
6687
6664
6639
6630
6578
6600
6576
6576
6513
6491
6426
6425
6355
6355
6270
6277
6215
6221
6222
6211
6215
6198
6179
6195
6198
6187
6190
6234
6239
6241
6237
6258
6267
6277
6246
6266
6277
6226
6268
6217
6218
6231
6207
6222
6202
6208
6195
6187
6222
6244
6242
6284
6240
6199
6213
6149
6148
6124
6071
6050
6040
6010
6015
5986
5943
5935
5938
5915
5861
5836
5805
5795
5827
5789
5787
5790
5766
5767
5765
5758
5766
5772
5751
5754
5757
5736
5750
5762
5769
5801
5792
5758
5801
5825
5830
5848
5829
5790
5758
5741
5718
5665
5646
5622
5601
5550
5516
5491
5494
5464
5479
5430
5402
5344
5296
5231
5148
5094
5059
5014
4967
4907
4882
4824
4793
4720
4714
4653
4622
4587
4564
4516
4479
4432
4372
4365
4347
4295
4297
4299
4256
4259
4242
4255
4253
4243
4245
4249
4232
4256
4267
4296
4270
4265
4268
4269
4250
4267
4265
4290
4267
4261
4268
4278
4268
4257
4241
4251
4228
4198
4152
4144
4107
4098
4083
4081
4068
4073
4053
4076
4079
4086
4099
4150
4113
4116
4104
4144
4105
4100
4117
4093
4108
4098
4081
4084
4107
4072
4049
4056
4014
3991
3964
4014
4029
4065
4102
4143
4179
4221
4257
4296
4320
4315
4338
4368
4396
4417
4447
4476
4513
4512
4548
4570
4571
4613
4659
4659
4685
4743
4764
4789
4824
4846
4855
4862
4864
4840
4832
4841
4844
4842
4852
4858
4857
4836
4828
4804
4796
4785
4770
4748
4743
4720
4697
4688
4675
4641
4604
4580
4572
4542
4540
4551
4550
4532
4532
4528
4534
4538
4542
4539
4568
4545
4568
4564
4569
4557
4557
4555
4574
4592
4598
4612
4633
4629
4652
4671
4668
4654
4659
4647
4605
4602
4579
4549
4554
4540
4559
4551
4562
4564
4519
4541
4517
4521
4504
4509
4533
4540
4503
4523
4515
4503
4480
4466
4467
4441
4457
4466
4485
4495
4493
4520
4555
4555
4595
4606
4637
4631
4661
4663
4693
4699
4713
4703
4729
4726
4736
4748
4787
4773
4766
4748
4788
4768
4724
4711
4697
4641
4607
4586
4599
4544
4535
4502
4508
4465
4429
4430
4416
4395
4381
4390
4399
4393
4359
4354
4334
4337
4304
4267
4248
4224
4193
4197
4174
4176
4161
4153
4160
4140
4126
4108
4096
4098
4100
4127
4151
4174
4173
4190
4194
4200
4176
4178
4176
4193
4188
4206
4226
4246
4262
4241
4253
4285
4316
4298
4310
4298
4305
4265
4243
4204
4213
4174
4158
4167
4203
4208
4219
4221
4191
4208
4199
4217
4186
4214
4200
4220
4189
4155
4146
4140
4097
4091
4084
4091
4086
4074
4067
4060
4086
4121
4150
4148
4178
4206
4195
4197
4212
4214
4225
4231
4254
4284
4300
4334
4370
4389
4404
4401
4415
4406
4433
4484
4536
4597
4648
4703
4727
4729
4727
4729
4733
4715
4728
4718
4746
4757
4761
4769
4769
4716
4684
4669
4610
4580
4541
4503
4464
4460
4421
4392
4366
4329
4277
4222
4160
4134
4122
4086
4082
4095
4110
4118
4164
4174
4208
4232
4227
4272
4298
4309
4333
4351
4307
4292
4283
4226
4228
4193
4179
4168
4166
4149
4102
4020
3967
3932
3866
3838
3786
3730
3693
3645
3621
3550
3517
3504
3494
3471
3447
3486
3509
3541
3568
3623
3621
3602
3616
3614
3613
3548
3532
3487
3533
3504
3473
3447
3396
3368
3358
3332
3304
3310
3285
3260
3267
3214
3131
3103
3018
3020
3040
3062
3055
3051
3055
3056
3073
3059
3092
3114
3155
3162
3189
3242
3270
3264
3287
3268
3281
3263
3261
3251
3269
3261
3286
3278
3311
3300
3281
3285
3308
3306
3300
3283
3255
3248
3257
3256
3259
3274
3256
3250
3247
3269
3284
3291
3295
3305
3305
3315
3317
3321
3307
3289
3276
3256
3244
3244
3227
3230
3214
3211
3196
3165
3133
3134
3083
3072
3054
3075
3040
3007
2984
2969
2957
2935
2934
2959
2940
2955
2974
2925
2924
2900
2916
2901
2910
2891
2926
2910
2920
2931
2943
2928
2944
2895
2886
2835
2786
2754
2748
2702
2686
2690
2695
2668
2667
2658
2660
2660
2644
2631
2626
2616
2597
2590
2564
2546
2498
2471
2450
2443
2419
2409
2376
2370
2328
2312
2262
2240
2180
2135
2080
2041
1985
1947
1895
1873
1836
1805
1771
1742
1735
1713
1706
1722
1746
1764
1780
1819
1857
1850
1873
1908
1925
1911
1936
1956
1969
2017
2020
1968
1930
1907
1893
1893
1892
1890
1932
2005
2107
2196
2211
2238
2402
2452
2504
2547
2574
2561
2599
2567
2593
2558
2524
2504
2494
2500
2543
2617
2657
2708
2788
2863
2889
2864
2797
2742
2672
2665
2637
2618
2587
2524
2436
2384
2347
2318
2327
2324
2306
2237
2185
2233
2241
2243
2260
2267
2235
2262
2290
2288
2286
2270
2250
2304
2346
2388
2419
2423
2428
2403
2342
2290
2266
2227
2216
2197
2171
2188
2218
2231
2252
2289
2295
2296
2305
2360
2439
2603
2843
3240
3671
4095
4443
4749
5047
5306
5519
5700
5782
5856
5892
5915
5889
5881
5861
5862
5832
5825
5821
5863
5887
5845
5782
5691
5534
5362
5250
5083
4987
4853
4751
4601
4471
4390
4309
4255
4204
4142
3996
3920
3841
3778
3653
3592
3493
3403
3302
3223
3153
3041
2908
2810
2726
2675
2588
2549
2485
2458
2384
2325
2278
2233
2174
2126
2083
2037
2016
2001
1948
1894
1864
1818
1783
1760
1768
1742
1727
1697
1647
1643
1645
1637
1636
1631
1633
1618
1658
1639
1664
1651
1648
1597
1583
1559
1562
1573
1540
1538
1520
1516
1476
1448
1426
1411
1381
1368
1357
1364
1339
1345
1335
1338
1324
1330
1337
1334
1339
1340
1323
1317
1321
1278
1263
1252
1286
1262
1255
1247
1254
1242
1218
1187
1193
1169
1154
1121
1122
1106
1073
1045
1032
1014
1010
1010
1024
1014
1004
1002
1007
999
