0.000000
0.000000
0.000000
0.000000
0.000000
0.000000
0.000000
0.000000
0.000000
0.000000
0.000000
0.000000
0.000000
0.000000
0.000000
0.000000
0.000000
0.000000
0.000000
0.000000
0.000000
0.000000
0.000000
0.000000
0.000000
0.000000
0.000000
0.000000
0.000000
0.000000
0.000000
0.000000
0.000000
0.000000
0.000000
0.000000
0.000000
0.000000
0.000000
0.000000
0.000000
0.000000
0.000000
0.000000
0.000000
0.000000
0.000000
0.000000
0.000000
0.000000
0.000000
0.000000
0.000000
0.000000
0.000000
0.000000
0.000000
0.000000
0.000000
0.000000
0.000000
0.000000
0.000000
0.000000
0.000000
0.000000
0.000000
0.000000
0.000000
0.000000
0.000000
0.000000
0.000000
0.000000
0.000000
0.000000
0.000000
18.000000
191.000000
412.000000
561.000000
867.000000
1134.000000
1201.000000
1237.000000
1274.000000
1388.000000
1541.000000
1679.000000
1867.000000
2070.000000
2225.000000
2385.000000
2520.000000
2681.000000
2772.000000
2841.000000
2747.000000
2086.000000
1487.000000
1245.000000
777.000000
160.000000
0.000000
0.000000
0.000000
0.000000
0.000000
0.000000
0.000000
0.000000
0.000000
0.000000
0.000000
0.000000
0.000000
0.000000
0.000000
0.000000
0.000000
0.000000
0.000000
0.000000
0.000000
0.000000
0.000000
0.000000
0.000000
0.000000
0.000000
0.000000
0.000000
0.000000
0.000000
0.000000
0.000000
0.000000
0.000000
0.000000
0.000000
0.000000
0.000000
0.000000
0.000000
0.000000
0.000000
0.000000
0.000000
0.000000
0.000000
0.000000
0.000000
0.000000
0.000000
0.000000
0.000000
0.000000
0.000000
0.000000
0.000000
0.000000
0.000000
0.000000
0.000000
0.000000
0.000000
0.000000
0.000000
0.000000
0.000000
0.000000
0.000000
0.000000
0.000000
0.000000
0.000000
0.000000
0.000000
0.000000
0.000000
0.000000
0.000000
0.000000
0.000000
0.000000
0.000000
0.000000
0.000000
0.000000
0.000000
0.000000
0.000000
0.000000
0.000000
0.000000
0.000000
0.000000
0.000000
0.000000
0.000000
0.000000
0.000000
0.000000
0.000000
0.000000
0.000000
0.000000
0.000000
0.000000
0.000000
0.000000
0.000000
0.000000
0.000000
0.000000
0.000000
0.000000
0.000000
0.000000
0.000000
0.000000
0.000000
0.000000
0.000000
0.000000
0.000000
0.000000
0.000000
0.000000
0.000000
0.000000
0.000000
0.000000
0.000000
0.000000
0.000000
0.000000
0.000000
0.000000
0.000000
0.000000
0.000000
0.000000
0.000000
0.000000
0.000000
0.000000
0.000000
0.000000
0.000000
0.000000
0.000000
0.000000
0.000000
0.000000
0.000000
0.000000
0.000000
0.000000
0.000000
0.000000
0.000000
0.000000
0.000000
0.000000
0.000000
0.000000
0.000000
0.000000
0.000000
0.000000
0.000000
0.000000
0.000000
0.000000
0.000000
0.000000
0.000000
0.000000
0.000000
0.000000
0.000000
0.000000
0.000000
0.000000
0.000000
0.000000
0.000000
0.000000
0.000000
0.000000
0.000000
0.000000
0.000000
0.000000
0.000000
0.000000
0.000000
0.000000
0.000000
0.000000
0.000000
0.000000
0.000000
0.000000
0.000000
0.000000
0.000000
0.000000
0.000000
0.000000
0.000000
0.000000
0.000000
0.000000
0.000000
0.000000
0.000000
0.000000
0.000000
0.000000
0.000000
0.000000
0.000000
0.000000
0.000000
0.000000
0.000000
0.000000
0.000000
0.000000
0.000000
0.000000
0.000000
0.000000
0.000000
0.000000
0.000000
0.000000
0.000000
0.000000
0.000000
0.000000
0.000000
0.000000
0.000000
0.000000
0.000000
0.000000
0.000000
0.000000
0.000000
0.000000
0.000000
0.000000
0.000000
0.000000
0.000000
0.000000
0.000000
0.000000
0.000000
0.000000
0.000000
0.000000
0.000000
0.000000
0.000000
0.000000
0.000000
0.000000
0.000000
0.000000
0.000000
0.000000
0.000000
0.000000
0.000000
0.000000
0.000000
0.000000
0.000000
0.000000
0.000000
0.000000
0.000000
0.000000
0.000000
0.000000
0.000000
0.000000
0.000000
0.000000
0.000000
0.000000
0.000000
0.000000
0.000000
0.000000
0.000000
0.000000
0.000000
0.000000
0.000000
0.000000
0.000000
0.000000
0.000000
0.000000
0.000000
0.000000
0.000000
0.000000
0.000000
0.000000
0.000000
0.000000
0.000000
0.000000
0.000000
0.000000
0.000000
0.000000
0.000000
0.000000
0.000000
0.000000
0.000000
0.000000
0.000000
0.000000
0.000000
0.000000
0.000000
0.000000
0.000000
0.000000
0.000000
0.000000
0.000000
0.000000
0.000000
0.000000
0.000000
0.000000
0.000000
0.000000
0.000000
0.000000
0.000000
0.000000
0.000000
0.000000
0.000000
0.000000
0.000000
0.000000
0.000000
0.000000
0.000000
0.000000
0.000000
0.000000
0.000000
0.000000
0.000000
0.000000
0.000000
0.000000
0.000000
0.000000
0.000000
0.000000
0.000000
0.000000
0.000000
0.000000
0.000000
0.000000
0.000000
0.000000
0.000000
0.000000
0.000000
0.000000
0.000000
0.000000
0.000000
0.000000
0.000000
0.000000
0.000000
0.000000
0.000000
0.000000
0.000000
0.000000
0.000000
0.000000
0.000000
0.000000
0.000000
0.000000
0.000000
0.000000
0.000000
0.000000
0.000000
0.000000
0.000000
0.000000
0.000000
0.000000
0.000000
0.000000
0.000000
0.000000
0.000000
0.000000
0.000000
0.000000
0.000000
0.000000
0.000000
0.000000
0.000000
0.000000
0.000000
0.000000
0.000000
0.000000
0.000000
0.000000
0.000000
0.000000
0.000000
0.000000
0.000000
0.000000
0.000000
0.000000
0.000000
0.000000
0.000000
0.000000
0.000000
0.000000
0.000000
0.000000
8.000000
69.000000
362.000000
827.000000
1422.000000
1985.000000
2453.000000
2886.000000
3333.000000
4036.000000
4495.000000
4815.000000
5030.000000
5220.000000
5327.000000
5400.000000
5452.000000
5332.000000
5253.000000
5237.000000
5258.000000
5240.000000
5312.000000
5400.000000
5433.000000
5458.000000
5453.000000
5499.000000
5555.000000
5566.000000
5580.000000
5888.000000
6431.000000
7348.000000
7950.000000
8288.000000
8836.000000
9320.000000
9989.000000
10515.000000
10822.000000
11141.000000
11445.000000
11586.000000
11819.000000
11979.000000
12064.000000
12319.000000
12437.000000
12535.000000
12625.000000
12431.000000
11813.000000
11295.000000
10816.000000
10209.000000
9738.000000
9372.000000
8816.000000
8509.000000
8033.000000
7635.000000
7272.000000
7039.000000
6646.000000
6257.000000
6072.000000
5652.000000
5049.000000
4759.000000
4471.000000
4007.000000
3637.000000
3395.000000
3067.000000
2750.000000
2457.000000
2271.000000
2190.000000
2042.000000
1804.000000
1624.000000
1387.000000
1087.000000
685.000000
530.000000
388.000000
252.000000
78.000000
0.000000
0.000000
0.000000
0.000000
0.000000
0.000000
0.000000
0.000000
0.000000
0.000000
0.000000
0.000000
0.000000
0.000000
0.000000
0.000000
0.000000
0.000000
0.000000
0.000000
0.000000
0.000000
0.000000
0.000000
0.000000
0.000000
0.000000
0.000000
0.000000
0.000000
0.000000
0.000000
0.000000
0.000000
0.000000
0.000000
0.000000
0.000000
0.000000
0.000000
0.000000
0.000000
0.000000
0.000000
0.000000
0.000000
0.000000
0.000000
0.000000
0.000000
0.000000
0.000000
0.000000
0.000000
0.000000
0.000000
0.000000
0.000000
0.000000
0.000000
0.000000
0.000000
0.000000
0.000000
0.000000
0.000000
0.000000
0.000000
0.000000
0.000000
0.000000
0.000000
0.000000
0.000000
0.000000
0.000000
0.000000
0.000000
0.000000
0.000000
0.000000
0.000000
0.000000
0.000000
0.000000
0.000000
0.000000
0.000000
0.000000
0.000000
0.000000
0.000000
0.000000
0.000000
0.000000
0.000000
0.000000
0.000000
0.000000
0.000000
0.000000
0.000000
0.000000
0.000000
0.000000
0.000000
0.000000
0.000000
0.000000
0.000000
0.000000
0.000000
0.000000
0.000000
0.000000
0.000000
0.000000
0.000000
0.000000
0.000000
0.000000
0.000000
0.000000
0.000000
0.000000
0.000000
0.000000
0.000000
0.000000
0.000000
0.000000
0.000000
0.000000
0.000000
0.000000
0.000000
0.000000
0.000000
0.000000
0.000000
0.000000
0.000000
0.000000
0.000000
0.000000
0.000000
0.000000
0.000000
0.000000
0.000000
0.000000
0.000000
0.000000
0.000000
0.000000
0.000000
0.000000
0.000000
0.000000
0.000000
0.000000
0.000000
0.000000
0.000000
0.000000
0.000000
0.000000
0.000000
0.000000
0.000000
0.000000
0.000000
0.000000
0.000000
0.000000
0.000000
0.000000
0.000000
0.000000
0.000000
0.000000
0.000000
0.000000
0.000000
0.000000
0.000000
0.000000
0.000000
0.000000
0.000000
0.000000
0.000000
0.000000
0.000000
0.000000
0.000000
0.000000
0.000000
0.000000
0.000000
0.000000
0.000000
0.000000
0.000000
0.000000
0.000000
0.000000
0.000000
0.000000
0.000000
0.000000
0.000000
0.000000
0.000000
0.000000
0.000000
0.000000
0.000000
0.000000
0.000000
0.000000
0.000000
0.000000
0.000000
0.000000
0.000000
0.000000
0.000000
0.000000
0.000000
0.000000
0.000000
0.000000
0.000000
0.000000
0.000000
0.000000
0.000000
0.000000
0.000000
0.000000
0.000000
0.000000
0.000000
0.000000
0.000000
0.000000
0.000000
0.000000
0.000000
0.000000
0.000000
0.000000
0.000000
0.000000
0.000000
0.000000
0.000000
0.000000
0.000000
0.000000
0.000000
0.000000
0.000000
0.000000
0.000000
0.000000
0.000000
0.000000
0.000000
0.000000
0.000000
0.000000
0.000000
0.000000
0.000000
0.000000
0.000000
0.000000
0.000000
0.000000
0.000000
0.000000
0.000000
0.000000
0.000000
0.000000
0.000000
0.000000
0.000000
0.000000
0.000000
0.000000
0.000000
0.000000
0.000000
0.000000
0.000000
0.000000
0.000000
0.000000
0.000000
0.000000
0.000000
0.000000
0.000000
0.000000
0.000000
0.000000
0.000000
0.000000
0.000000
0.000000
0.000000
0.000000
0.000000
0.000000
0.000000
0.000000
0.000000
0.000000
0.000000
0.000000
0.000000
0.000000
0.000000
0.000000
0.000000
0.000000
0.000000
0.000000
0.000000
0.000000
0.000000
0.000000
0.000000
0.000000
0.000000
0.000000
0.000000
0.000000
0.000000
0.000000
0.000000
0.000000
0.000000
0.000000
0.000000
0.000000
0.000000
0.000000
0.000000
0.000000
0.000000
0.000000
0.000000
0.000000
0.000000
0.000000
0.000000
0.000000
0.000000
0.000000
0.000000
0.000000
0.000000
0.000000
0.000000
0.000000
0.000000
0.000000
0.000000
0.000000
0.000000
0.000000
0.000000
0.000000
0.000000
0.000000
0.000000
0.000000
0.000000
0.000000
0.000000
0.000000
0.000000
0.000000
0.000000
0.000000
0.000000
0.000000
0.000000
0.000000
0.000000
0.000000
0.000000
0.000000
0.000000
0.000000
0.000000
0.000000
0.000000
0.000000
0.000000
0.000000
0.000000
0.000000
0.000000
0.000000
0.000000
0.000000
0.000000
0.000000
0.000000
0.000000
0.000000
0.000000
0.000000
0.000000
0.000000
0.000000
0.000000
0.000000
0.000000
0.000000
0.000000
0.000000
0.000000
0.000000
0.000000
0.000000
0.000000
0.000000
0.000000
0.000000
0.000000
0.000000
0.000000
0.000000
0.000000
0.000000
60.000000
60.000000
0.000000
0.000000
0.000000
0.000000
0.000000
0.000000
0.000000
0.000000
0.000000
0.000000
0.000000
0.000000
0.000000
0.000000
0.000000
0.000000
0.000000
0.000000
0.000000
0.000000
0.000000
0.000000
0.000000
0.000000
0.000000
0.000000
0.000000
0.000000
0.000000
0.000000
0.000000
0.000000
0.000000
0.000000
0.000000
0.000000
3.000000
20.000000
53.000000
100.000000
197.000000
311.000000
407.000000
503.000000
551.000000
575.000000
610.000000
974.000000
1760.000000
2489.000000
3039.000000
3800.000000
4460.000000
4593.000000
4799.000000
5385.000000
5667.000000
5518.000000
5092.000000
4503.000000
4382.000000
4091.000000
3839.000000
3673.000000
3536.000000
3539.000000
3397.000000
3200.000000
3654.000000
3818.000000
3873.000000
3923.000000
3949.000000
3948.000000
3732.000000
3395.000000
2893.000000
2730.000000
2555.000000
2479.000000
2499.000000
2353.000000
2264.000000
2152.000000
1868.000000
1753.000000
1688.000000
1481.000000
1374.000000
1260.000000
1126.000000
1087.000000
1092.000000
1039.000000
1004.000000
920.000000
916.000000
903.000000
914.000000
919.000000
937.000000
960.000000
989.000000
1016.000000
1036.000000
1069.000000
1151.000000
1204.000000
1304.000000
1395.000000
1481.000000
1578.000000
1622.000000
1759.000000
1873.000000
1866.000000
1755.000000
1672.000000
1434.000000
1230.000000
1150.000000
1038.000000
921.000000
910.000000
877.000000
876.000000
863.000000
899.000000
857.000000
743.000000
633.000000
538.000000
427.000000
285.000000
210.000000
241.000000
308.000000
311.000000
230.000000
234.000000
190.000000
190.000000
160.000000
196.000000
224.000000
199.000000
121.000000
155.000000
229.000000
277.000000
303.000000
304.000000
308.000000
317.000000
383.000000
404.000000
364.000000
342.000000
403.000000
412.000000
433.000000
355.000000
417.000000
410.000000
308.000000
316.000000
298.000000
249.000000
280.000000
276.000000
216.000000
301.000000
284.000000
292.000000
371.000000
324.000000
454.000000
613.000000
690.000000
696.000000
583.000000
518.000000
467.000000
429.000000
294.000000
347.000000
295.000000
123.000000
226.000000
235.000000
240.000000
275.000000
300.000000
423.000000
512.000000
638.000000
751.000000
787.000000
775.000000
741.000000
728.000000
706.000000
722.000000
774.000000
848.000000
935.000000
1007.000000
1109.000000
1208.000000
1317.000000
1430.000000
1626.000000
1783.000000
1945.000000
2066.000000
2130.000000
2205.000000
2331.000000
2502.000000
2640.000000
2851.000000
2990.000000
3234.000000
3226.000000
3291.000000
3111.000000
3051.000000
2729.000000
2596.000000
2428.000000
2515.000000
2551.000000
2268.000000
2104.000000
2095.000000
2145.000000
2426.000000
2528.000000
2698.000000
2894.000000
3078.000000
3181.000000
3233.000000
3470.000000
3663.000000
3690.000000
3693.000000
3686.000000
3786.000000
3922.000000
3932.000000
4171.000000
4706.000000
4643.000000
3958.000000
2832.000000
2122.000000
1784.000000
1441.000000
942.000000
771.000000
812.000000
895.000000
883.000000
881.000000
904.000000
1272.000000
1786.000000
2231.000000
2716.000000
3127.000000
3260.000000
3460.000000
3637.000000
3738.000000
3652.000000
3437.000000
3228.000000
2969.000000
2663.000000
2463.000000
2281.000000
2053.000000
2061.000000
2008.000000
1962.000000
2029.000000
2273.000000
2488.000000
2708.000000
2904.000000
3023.000000
2934.000000
2881.000000
2724.000000
2619.000000
2460.000000
2203.000000
2033.000000
2041.000000
2072.000000
2128.000000
2238.000000
2215.000000
2171.000000
2098.000000
2031.000000
1937.000000
2044.000000
2180.000000
2216.000000
2609.000000
2814.000000
2858.000000
2908.000000
2884.000000
2710.000000
2477.000000
2212.000000
2051.000000
1852.000000
1711.000000
1553.000000
1309.000000
1239.000000
1256.000000
1300.000000
1328.000000
1368.000000
1415.000000
1460.000000
1579.000000
1647.000000
1779.000000
1893.000000
1984.000000
1998.000000
2085.000000
2182.000000
2302.000000
2451.000000
2602.000000
2759.000000
2923.000000
3077.000000
3220.000000
3423.000000
3521.000000
3606.000000
3635.000000
3581.000000
3342.000000
2976.000000
2400.000000
1807.000000
1470.000000
1316.000000
1328.000000
1368.000000
1435.000000
1445.000000
1649.000000
1929.000000
2072.000000
2074.000000
2078.000000
2000.000000
1868.000000
1805.000000
1675.000000
1586.000000
1445.000000
1291.000000
1268.000000
1390.000000
1652.000000
1855.000000
1844.000000
1700.000000
1583.000000
1429.000000
1362.000000
1373.000000
1357.000000
1372.000000
1435.000000
1471.000000
1622.000000
1794.000000
1871.000000
2194.000000
2668.000000
3115.000000
3466.000000
3683.000000
3700.000000
3626.000000
3391.000000
3009.000000
2317.000000
1716.000000
1481.000000
1285.000000
1151.000000
1112.000000
984.000000
945.000000
976.000000
1094.000000
1238.000000
1446.000000
1747.000000
2048.000000
2246.000000
2437.000000
2611.000000
2751.000000
2893.000000
2899.000000
2947.000000
3082.000000
3170.000000
3267.000000
3354.000000
3474.000000
3439.000000
3295.000000
3327.000000
3480.000000
3764.000000
4278.000000
4727.000000
4929.000000
4884.000000
5023.000000
4890.000000
4321.000000
3772.000000
3479.000000
2938.000000
2605.000000
2334.000000
2083.000000
1837.000000
1583.000000
1431.000000
1481.000000
1597.000000
1446.000000
1435.000000
1629.000000
1913.000000
2019.000000
1931.000000
1988.000000
2028.000000
2045.000000
2107.000000
2176.000000
2212.000000
2459.000000
3006.000000
3501.000000
3962.000000
4351.000000
4279.000000
3867.000000
3865.000000
3891.000000
3823.000000
3536.000000
3053.000000
2817.000000
2434.000000
2297.000000
2234.000000
2394.000000
2419.000000
2354.000000
2482.000000
2591.000000
2273.000000
2606.000000
3085.000000
3811.000000
4277.000000
4549.000000
4696.000000
4788.000000
5174.000000
5467.000000
5997.000000
6422.000000
6617.000000
6669.000000
6583.000000
6516.000000
6629.000000
6647.000000
6739.000000
6690.000000
6548.000000
6363.000000
6285.000000
5946.000000
5605.000000
5362.000000
5086.000000
4932.000000
4802.000000
4763.000000
4801.000000
4781.000000
4664.000000
4551.000000
4354.000000
4140.000000
4012.000000
4001.000000
4043.000000
4111.000000
4217.000000
4287.000000
4373.000000
4444.000000
4450.000000
4470.000000
4282.000000
3867.000000
3465.000000
3176.000000
2803.000000
2462.000000
2014.000000
1549.000000
1091.000000
874.000000
769.000000
631.000000
393.000000
169.000000
24.000000
0.000000
0.000000
0.000000
0.000000
0.000000
0.000000
0.000000
0.000000
0.000000
0.000000
0.000000
0.000000
0.000000
0.000000
0.000000
0.000000
0.000000
0.000000
0.000000
0.000000
0.000000
0.000000
0.000000
0.000000
0.000000
0.000000
0.000000
0.000000
0.000000
0.000000
0.000000
0.000000
0.000000
0.000000
0.000000
0.000000
0.000000
0.000000
0.000000
0.000000
0.000000
0.000000
0.000000
0.000000
0.000000
0.000000
0.000000
0.000000
0.000000
0.000000
0.000000
0.000000
0.000000
0.000000
0.000000
0.000000
0.000000
0.000000
0.000000
0.000000
0.000000
0.000000
0.000000
0.000000
0.000000
0.000000
0.000000
0.000000
0.000000
0.000000
0.000000
0.000000
0.000000
0.000000
0.000000
0.000000
0.000000
0.000000
0.000000
0.000000
0.000000
0.000000
0.000000
0.000000
0.000000
0.000000
0.000000
0.000000
0.000000
0.000000
0.000000
0.000000
0.000000
0.000000
0.000000
0.000000
0.000000
0.000000
0.000000
0.000000
0.000000
0.000000
0.000000
0.000000
0.000000
0.000000
0.000000
0.000000
0.000000
0.000000
0.000000
0.000000
0.000000
0.000000
0.000000
0.000000
0.000000
0.000000
0.000000
0.000000
0.000000
0.000000
0.000000
0.000000
0.000000
0.000000
0.000000
0.000000
0.000000
0.000000
0.000000
0.000000
0.000000
0.000000
0.000000
0.000000
0.000000
0.000000
0.000000
0.000000
0.000000
0.000000
0.000000
0.000000
0.000000
0.000000
0.000000
0.000000
0.000000
0.000000
0.000000
0.000000
0.000000
0.000000
0.000000
0.000000
0.000000
0.000000
0.000000
0.000000
0.000000
0.000000
0.000000
0.000000
0.000000
0.000000
0.000000
0.000000
0.000000
0.000000
0.000000
0.000000
0.000000
0.000000
0.000000
0.000000
0.000000
0.000000
0.000000
0.000000
0.000000
0.000000
0.000000
0.000000
0.000000
0.000000
0.000000
0.000000
0.000000
0.000000
0.000000
0.000000
0.000000
0.000000
0.000000
0.000000
0.000000
0.000000
0.000000
0.000000
0.000000
0.000000
0.000000
0.000000
0.000000
0.000000
0.000000
0.000000
0.000000
0.000000
0.000000
0.000000
0.000000
0.000000
0.000000
0.000000
0.000000
0.000000
0.000000
0.000000
0.000000
0.000000
0.000000
0.000000
0.000000
0.000000
0.000000
0.000000
0.000000
0.000000
0.000000
0.000000
0.000000
0.000000
0.000000
0.000000
0.000000
0.000000
0.000000
0.000000
0.000000
0.000000
0.000000
0.000000
0.000000
0.000000
0.000000
0.000000
0.000000
0.000000
0.000000
0.000000
0.000000
0.000000
0.000000
0.000000
0.000000
0.000000
0.000000
0.000000
0.000000
0.000000
0.000000
0.000000
0.000000
0.000000
0.000000
0.000000
0.000000
0.000000
0.000000
0.000000
0.000000
0.000000
0.000000
0.000000
0.000000
0.000000
0.000000
0.000000
0.000000
0.000000
0.000000
0.000000
0.000000
0.000000
0.000000
0.000000
0.000000
0.000000
0.000000
0.000000
0.000000
0.000000
0.000000
0.000000
0.000000
0.000000
0.000000
0.000000
0.000000
0.000000
0.000000
0.000000
0.000000
0.000000
0.000000
0.000000
0.000000
0.000000
0.000000
0.000000
0.000000
0.000000
0.000000
0.000000
0.000000
0.000000
0.000000
0.000000
0.000000
0.000000
0.000000
0.000000
0.000000
0.000000
0.000000
0.000000
0.000000
0.000000
0.000000
0.000000
0.000000
0.000000
0.000000
0.000000
0.000000
0.000000
0.000000
0.000000
0.000000
0.000000
0.000000
0.000000
0.000000
0.000000
0.000000
0.000000
0.000000
0.000000
0.000000
0.000000
0.000000
0.000000
0.000000
0.000000
0.000000
0.000000
0.000000
0.000000
0.000000
0.000000
0.000000
0.000000
0.000000
0.000000
0.000000
0.000000
0.000000
0.000000
0.000000
0.000000
0.000000
0.000000
0.000000
0.000000
0.000000
0.000000
0.000000
0.000000
0.000000
0.000000
0.000000
0.000000
0.000000
0.000000
0.000000
0.000000
0.000000
0.000000
0.000000
0.000000
0.000000
0.000000
0.000000
0.000000
0.000000
0.000000
0.000000
0.000000
0.000000
0.000000
0.000000
0.000000
0.000000
0.000000
0.000000
0.000000
0.000000
0.000000
0.000000
0.000000
0.000000
0.000000
0.000000
0.000000
0.000000
0.000000
0.000000
0.000000
0.000000
0.000000
0.000000
0.000000
0.000000
0.000000
0.000000
0.000000
0.000000
0.000000
0.000000
0.000000
0.000000
0.000000
0.000000
0.000000
0.000000
0.000000
0.000000
0.000000
0.000000
0.000000
0.000000
0.000000
0.000000
0.000000
0.000000
0.000000
0.000000
0.000000
0.000000
0.000000
0.000000
0.000000
0.000000
0.000000
0.000000
0.000000
0.000000
0.000000
0.000000
0.000000
0.000000
0.000000
0.000000
0.000000
0.000000
0.000000
0.000000
0.000000
0.000000
44.000000
149.000000
252.000000
499.000000
767.000000
970.000000
1189.000000
1402.000000
1633.000000
1838.000000
2084.000000
2342.000000
2668.000000
2982.000000
3157.000000
3338.000000
3536.000000
3784.000000
3971.000000
4338.000000
4733.000000
5221.000000
5623.000000
6097.000000
6351.000000
6637.000000
7098.000000
7538.000000
7757.000000
7604.000000
7376.000000
7229.000000
7021.000000
6994.000000
7094.000000
7131.000000
7273.000000
7479.000000
7657.000000
7861.000000
7971.000000
7953.000000
7837.000000
7706.000000
7479.000000
7205.000000
6984.000000
6813.000000
6668.000000
6653.000000
6585.000000
6573.000000
6561.000000
6574.000000
6515.000000
6480.000000
6313.000000
6269.000000
6092.000000
5975.000000
5731.000000
5140.000000
4534.000000
4137.000000
3753.000000
3294.000000
2772.000000
2419.000000
2113.000000
1830.000000
1558.000000
1293.000000
1097.000000
946.000000
753.000000
537.000000
326.000000
175.000000
50.000000
3.000000
0.000000
0.000000
0.000000
0.000000
0.000000
0.000000
0.000000
0.000000
0.000000
0.000000
0.000000
0.000000
0.000000
0.000000
0.000000
0.000000
0.000000
0.000000
0.000000
0.000000
0.000000
0.000000
0.000000
0.000000
0.000000
0.000000
0.000000
0.000000
0.000000
0.000000
0.000000
0.000000
0.000000
0.000000
0.000000
0.000000
0.000000
0.000000
0.000000
0.000000
0.000000
0.000000
0.000000
0.000000
0.000000
0.000000
0.000000
0.000000
0.000000
0.000000
0.000000
0.000000
0.000000
0.000000
0.000000
0.000000
0.000000
0.000000
0.000000
0.000000
0.000000
0.000000
0.000000
0.000000
0.000000
0.000000
0.000000
0.000000
0.000000
0.000000
0.000000
0.000000
0.000000
0.000000
0.000000
0.000000
0.000000
0.000000
0.000000
0.000000
0.000000
0.000000
0.000000
0.000000
0.000000
0.000000
0.000000
0.000000
0.000000
0.000000
0.000000
0.000000
0.000000
0.000000
0.000000
0.000000
0.000000
0.000000
0.000000
0.000000
0.000000
0.000000
0.000000
0.000000
0.000000
0.000000
0.000000
0.000000
0.000000
0.000000
0.000000
0.000000
0.000000
0.000000
0.000000
0.000000
0.000000
0.000000
0.000000
0.000000
0.000000
0.000000
0.000000
0.000000
0.000000
0.000000
0.000000
0.000000
0.000000
0.000000
0.000000
0.000000
0.000000
0.000000
0.000000
0.000000
0.000000
0.000000
0.000000
0.000000
0.000000
0.000000
0.000000
0.000000
0.000000
0.000000
0.000000
0.000000
0.000000
0.000000
0.000000
0.000000
0.000000
0.000000
0.000000
0.000000
0.000000
0.000000
0.000000
0.000000
0.000000
0.000000
0.000000
0.000000
0.000000
0.000000
0.000000
0.000000
0.000000
0.000000
0.000000
3.000000
16.000000
22.000000
38.000000
50.000000
59.000000
80.000000
101.000000
127.000000
153.000000
198.000000
323.000000
477.000000
655.000000
761.000000
889.000000
970.000000
1078.000000
1215.000000
1168.000000
1055.000000
950.000000
863.000000
811.000000
793.000000
822.000000
872.000000
907.000000
902.000000
863.000000
812.000000
748.000000
683.000000
618.000000
499.000000
373.000000
248.000000
114.000000
22.000000
0.000000
0.000000
0.000000
0.000000
0.000000
0.000000
0.000000
0.000000
0.000000
0.000000
0.000000
0.000000
0.000000
0.000000
0.000000
0.000000
0.000000
0.000000
0.000000
0.000000
0.000000
0.000000
0.000000
0.000000
0.000000
0.000000
0.000000
0.000000
0.000000
0.000000
0.000000
0.000000
0.000000
0.000000
0.000000
0.000000
0.000000
0.000000
0.000000
0.000000
0.000000
0.000000
0.000000
0.000000
0.000000
0.000000
0.000000
0.000000
0.000000
0.000000
0.000000
0.000000
0.000000
0.000000
0.000000
0.000000
0.000000
0.000000
0.000000
0.000000
0.000000
0.000000
0.000000
0.000000
0.000000
0.000000
0.000000
0.000000
0.000000
0.000000
0.000000
0.000000
0.000000
0.000000
0.000000
51.000000
368.000000
783.000000
1044.000000
1263.000000
1352.000000
1582.000000
1855.000000
1899.000000
1939.000000
1985.000000
2046.000000
2039.000000
2052.000000
2012.000000
1992.000000
1956.000000
1946.000000
2005.000000
2044.000000
2050.000000
2063.000000
1998.000000
1956.000000
1951.000000
1912.000000
1870.000000
1531.000000
1234.000000
1120.000000
934.000000
683.000000
392.000000
105.000000
0.000000
0.000000
0.000000
0.000000
0.000000
0.000000
0.000000
0.000000
0.000000
0.000000
0.000000
0.000000
0.000000
0.000000
0.000000
0.000000
0.000000
0.000000
0.000000
0.000000
