0
0
0
0
0
0
0
0
0
0
0
0
0
0
0
0
0
0
0
0
0
0
0
0
0
0
0
0
0
0
0
0
0
0
0
0
0
0
0
0
0
0
0
0
0
0
0
0
0
0
0
0
0
0
0
0
0
0
0
0
0
0
0
0
0
0
0
0
0
0
0
0
0
0
0
0
0
0
0
121
372
674
840
882
912
922
956
1016
1112
1248
1473
1713
1912
2099
2297
2409
2471
2479
2442
1921
1233
556
41
0
0
0
0
0
0
0
0
0
0
0
0
0
0
0
0
0
0
0
0
0
0
0
0
0
0
0
0
0
0
0
0
0
0
0
0
0
0
0
0
0
0
0
0
0
0
0
0
0
0
0
0
0
0
0
0
0
0
0
0
0
0
0
0
0
0
0
0
0
0
0
0
0
0
0
0
0
0
0
0
0
0
0
0
0
0
0
0
0
0
0
0
0
0
0
0
0
0
0
0
0
0
0
0
0
0
0
0
0
0
0
0
0
0
0
0
0
0
0
0
0
0
0
0
0
0
0
0
0
0
0
0
0
0
0
0
0
0
0
0
0
0
0
0
0
0
0
0
0
0
0
0
0
0
0
0
0
0
0
0
0
0
0
0
0
0
0
0
0
0
0
0
0
0
0
0
0
0
0
0
0
0
0
0
0
0
0
0
0
0
0
0
0
0
0
0
0
0
0
0
0
0
0
0
0
0
0
0
0
0
0
0
0
0
0
0
0
0
0
0
0
0
0
0
0
0
0
0
0
0
0
0
0
0
0
0
0
0
0
0
0
0
0
0
0
0
0
0
0
0
0
0
0
0
0
0
0
0
0
0
0
0
0
0
0
0
0
0
0
0
0
0
0
0
0
0
0
0
0
0
0
0
0
0
0
0
0
0
0
0
0
0
0
0
0
0
0
0
0
0
0
0
0
0
0
0
0
0
0
0
0
0
0
0
0
0
0
0
0
0
0
0
0
0
0
0
0
0
0
0
0
0
0
0
0
0
0
0
0
0
0
0
0
0
0
0
0
0
0
0
0
0
0
0
0
0
0
0
0
0
0
0
0
0
0
0
0
0
0
0
0
0
0
0
0
0
0
0
0
0
0
0
0
0
0
0
0
0
0
0
0
0
0
0
0
0
0
0
0
0
0
0
0
0
0
0
0
0
0
0
0
0
0
0
0
0
0
0
0
0
0
0
0
0
0
0
0
0
0
0
0
0
0
0
0
0
0
0
0
0
0
0
0
0
0
0
0
0
0
22
89
267
616
1145
1634
1990
2384
2501
2663
2765
2814
2922
3034
3111
3129
3139
3098
3220
3203
3308
3343
3314
3276
3196
3141
3101
3103
3123
3158
3367
4107
5080
6023
6969
7997
8898
9518
10086
10418
10711
10869
10918
10908
11021
11090
11103
11116
11016
11033
10906
10708
10450
10150
9835
9683
9405
9266
9196
9160
9000
8943
8924
9079
9063
8784
8313
7797
7387
6846
6232
5565
4919
4380
3913
3437
2977
2506
2068
1597
1184
856
628
409
199
46
0
0
0
0
0
0
0
0
0
0
0
0
0
0
0
0
0
0
0
0
0
0
0
0
0
0
0
0
0
0
0
0
0
0
0
0
0
0
0
0
0
0
0
0
0
0
0
0
0
0
0
0
0
0
0
0
0
0
0
0
0
0
0
0
0
0
0
0
0
0
0
0
0
0
0
0
0
0
0
0
0
0
0
0
0
0
0
0
0
0
0
0
0
0
0
0
0
0
0
0
0
0
0
0
0
0
0
0
0
0
0
0
0
0
0
0
0
0
0
0
0
0
0
0
0
0
0
0
0
0
0
0
0
0
0
0
0
0
0
0
0
0
0
0
0
0
0
0
0
0
0
0
0
0
0
0
0
0
0
0
0
0
0
0
0
0
0
0
0
0
0
0
0
0
0
0
0
0
0
0
0
0
0
0
0
0
0
0
0
0
0
0
0
0
0
0
0
0
0
0
0
0
0
0
0
0
0
0
0
0
0
0
0
0
0
0
0
0
0
0
0
0
0
0
0
0
0
0
0
0
0
0
0
0
0
0
0
0
0
0
0
0
0
0
0
0
0
0
0
0
0
0
0
0
0
0
0
0
0
0
0
0
0
0
0
0
0
0
0
0
0
0
0
0
0
0
0
0
0
0
0
0
0
0
0
0
0
0
0
0
0
0
0
0
0
0
0
0
0
0
0
0
0
0
0
0
0
0
0
0
0
0
0
0
0
0
0
0
0
0
0
0
0
0
0
0
0
0
0
0
0
0
0
0
0
0
0
0
0
0
0
0
0
0
0
0
0
0
0
0
0
0
0
0
0
0
0
0
0
0
0
0
0
0
0
0
0
0
0
0
0
0
0
0
0
0
0
0
0
0
0
0
0
0
0
0
0
0
0
0
0
0
0
0
0
0
0
0
0
0
0
0
0
0
0
0
0
0
0
0
0
0
0
0
0
0
0
0
0
0
0
0
0
0
0
0
0
0
0
0
0
0
0
0
0
0
0
0
0
0
0
0
0
0
0
0
0
0
0
0
0
0
0
0
0
0
0
0
0
0
0
0
0
0
0
0
0
0
0
0
0
0
0
0
0
0
0
0
0
0
0
4
25
62
140
255
386
536
712
875
1029
1333
2105
3057
3946
4508
5154
5642
6018
6184
6173
6110
6014
5931
6002
6234
6424
6631
6800
6947
7083
7185
7211
7163
7002
6795
6531
6260
5944
5707
5490
5274
5130
5042
4973
4881
4793
4705
4668
4625
4602
4566
4502
4472
4454
4440
4461
4524
4614
4723
4799
4904
5020
5143
5270
5395
5507
5630
5741
5843
5924
6044
6128
6215
6304
6368
6358
6282
6164
6056
5941
5812
5669
5525
5359
5186
4996
4805
4643
4471
4328
4201
4090
4008
3930
3878
3825
3806
3797
3787
3778
3770
3765
3772
3795
3810
3826
3837
3838
3857
3856
3851
3829
3809
3783
3764
3751
3743
3715
3679
3651
3626
3598
3613
3610
3625
3613
3605
3619
3646
3654
3664
3657
3624
3621
3661
3670
3692
3699
3713
3758
3801
3837
3883
3897
3933
3942
3957
3965
3959
3944
3957
3958
3977
3993
4005
4018
4023
4015
4023
4054
4093
4122
4181
4238
4299
4353
4435
4546
4670
4838
5050
5275
5553
5815
6129
6443
6738
7061
7380
7704
8071
8457
8667
8831
9194
9680
10072
10256
10598
10794
10960
10932
10866
10954
10835
10670
10535
10346
10169
10153
10025
9950
9941
9879
9779
9687
9560
9436
9341
9217
9150
9111
9107
9043
9011
8622
8180
8018
8044
7934
7813
7811
7807
7800
7821
7857
7928
7941
7976
7993
8006
7984
7938
7771
7610
7454
7289
7124
7049
7092
7182
7252
7267
7273
7211
7117
6975
6871
6832
6760
6656
6532
6300
6039
5766
5458
5143
4855
4722
4670
4641
4620
4593
4577
4599
4770
5039
5302
5459
5534
5467
5440
5435
5373
5287
5224
5156
4940
4672
4374
4010
3626
3330
3056
2784
2586
2490
2416
2329
2241
2216
2225
2283
2465
2715
2984
3291
3566
3852
4120
4352
4623
4912
5189
5466
5743
5955
6068
6158
6198
6315
6428
6576
6678
6672
6787
6849
6929
6990
6880
6891
6870
6855
6807
6698
6649
6691
6751
6731
6757
6686
6791
6681
6713
6727
6768
6764
6777
6862
6909
6976
7057
7100
7095
7154
7195
7167
7280
7220
7215
7175
7001
6942
6814
6629
6475
6258
5923
5682
5387
5140
4811
4678
4612
4609
4700
4816
4907
4892
4905
4915
4865
4837
4792
4818
4779
4776
4747
4749
4683
4550
4398
4381
4329
4283
4238
4234
4220
4151
4111
4151
4280
4515
4698
4636
4515
4459
4465
4471
4069
4076
4291
4501
4526
4535
4450
4349
4405
4477
4544
4647
4707
4744
4942
5241
5543
5740
5984
6223
6462
6682
6791
6869
6906
6950
6900
6947
6790
6686
6591
6755
6892
7058
7159
7259
7286
7297
7196
7178
7045
6861
6634
6496
6468
6590
6748
6948
7142
7383
7477
7592
7472
7353
7092
7171
7485
7799
8118
8413
8472
8550
8626
8530
8413
8205
7851
7478
7070
6739
6401
6235
6091
5943
5802
5663
5527
5314
5208
5129
5055
5048
5081
5169
5290
5426
5532
5606
5638
5704
5704
5693
5403
4948
4412
3755
3072
2361
1713
1288
939
624
342
119
8
0
0
0
0
0
0
0
0
0
0
0
0
0
0
0
0
0
0
0
0
0
0
0
0
0
0
0
0
0
0
0
0
0
0
0
0
0
0
0
0
0
0
0
0
0
0
0
0
0
0
0
0
0
0
0
0
0
0
0
0
0
0
0
0
0
0
0
0
0
0
0
0
0
0
0
0
0
0
0
0
0
0
0
0
0
0
0
0
0
0
0
0
0
0
0
0
0
0
0
0
0
0
0
0
0
0
0
0
0
0
0
0
0
0
0
0
0
0
0
0
0
0
0
0
0
0
0
0
0
0
0
0
0
0
0
0
0
0
0
0
0
0
0
0
0
0
0
0
0
0
0
0
0
0
0
0
0
0
0
0
0
0
0
0
0
0
0
0
0
0
0
0
0
0
0
0
0
0
0
0
0
0
0
0
0
0
0
0
0
0
0
0
0
0
0
0
0
0
0
0
0
0
0
0
0
0
0
0
0
0
0
0
0
0
0
0
0
0
0
0
0
0
0
0
0
0
0
0
0
0
0
0
0
0
0
0
0
0
0
0
0
0
0
0
0
0
0
0
0
0
0
0
0
0
0
0
0
0
0
0
0
0
0
0
0
0
0
0
0
0
0
0
0
0
0
0
0
0
0
0
0
0
0
0
0
0
0
0
0
0
0
0
0
0
0
0
0
0
0
0
0
0
0
0
0
0
0
0
0
0
0
0
0
0
0
0
0
0
0
0
0
0
0
0
0
0
0
0
0
0
0
0
0
0
0
0
0
0
0
0
0
0
0
0
0
0
0
0
0
0
0
0
0
0
0
0
0
0
0
0
0
0
0
0
0
0
0
0
0
0
0
0
0
0
0
0
0
0
0
0
0
0
0
0
0
0
0
0
0
0
0
0
0
0
0
0
0
0
0
0
0
0
0
0
0
0
0
0
0
0
0
0
0
0
0
0
0
0
0
0
0
0
0
0
0
0
0
0
0
0
0
0
0
0
0
0
0
0
0
0
0
0
0
0
0
0
0
0
0
0
0
0
0
0
0
0
0
0
0
0
0
0
0
0
0
0
0
0
0
0
0
0
3
94
192
386
654
1062
1557
1958
2398
2889
3321
3718
4137
4505
4933
5345
5913
6509
7104
7670
8305
8782
9110
9506
9857
10203
10332
10407
10547
10665
10894
10961
11105
11124
11117
11098
11081
10971
10916
10751
10597
10495
10388
10219
10098
10078
10051
10107
10045
10013
9885
9743
9562
9373
9208
8987
8813
8609
8358
8077
7794
7330
6634
5936
5251
4589
3931
3444
2965
2476
2034
1627
1230
869
545
293
120
18
0
0
0
0
0
0
0
0
0
0
0
0
0
0
0
0
0
0
0
0
0
0
0
0
0
0
0
0
0
0
0
0
0
0
0
0
0
0
0
0
0
0
0
0
0
0
0
0
0
0
0
0
0
0
0
0
0
0
0
0
0
0
0
0
0
0
0
0
0
0
0
0
0
0
0
0
0
0
0
0
0
0
0
0
0
0
0
0
0
0
0
0
0
0
0
0
0
0
0
0
0
0
0
0
0
0
0
0
0
0
0
0
0
0
0
0
0
0
0
0
0
0
0
0
0
0
0
0
0
0
0
0
0
0
0
0
0
0
0
0
0
0
0
0
0
0
0
0
0
0
0
0
0
0
0
0
0
0
0
0
0
0
0
0
0
0
0
0
0
0
0
0
0
0
0
0
3
0
0
0
0
0
0
8
93
211
450
711
937
1120
1216
1135
1023
899
790
707
665
655
684
714
732
714
664
623
580
501
411
297
179
75
2
0
0
0
0
0
0
0
0
0
0
0
0
0
0
0
0
0
0
0
0
0
0
0
0
0
0
0
0
0
0
0
0
0
0
0
0
0
0
0
0
0
0
0
0
0
0
0
0
0
0
0
0
0
0
0
0
0
0
0
0
0
0
0
0
0
0
0
0
0
0
0
0
0
0
0
0
14
188
604
1001
1343
1619
1747
1701
1678
1690
1731
1764
1764
1749
1737
1690
1660
1666
1724
1829
1941
2034
2087
2118
2131
2110
2058
1792
1386
966
586
256
36
0
0
0
0
0
0
0
0
0
0
0
0
0
0
0
0
0
0
0
0
0
