0.000000
0.000000
0.000000
0.000000
0.000000
0.000000
0.000000
0.000000
0.000000
0.000000
0.000000
17.000000
53.000000
72.000000
63.000000
75.000000
43.000000
24.000000
11.000000
12.000000
17.000000
45.000000
48.000000
73.000000
117.000000
159.000000
204.000000
155.000000
129.000000
158.000000
142.000000
105.000000
95.000000
74.000000
128.000000
179.000000
245.000000
278.000000
284.000000
310.000000
347.000000
316.000000
297.000000
268.000000
247.000000
207.000000
231.000000
272.000000
296.000000
333.000000
391.000000
456.000000
543.000000
562.000000
551.000000
591.000000
581.000000
602.000000
677.000000
757.000000
807.000000
796.000000
833.000000
918.000000
977.000000
1069.000000
1017.000000
1120.000000
1229.000000
1219.000000
1256.000000
1267.000000
1260.000000
1172.000000
1158.000000
1201.000000
1324.000000
1513.000000
1659.000000
1652.000000
1824.000000
1972.000000
1897.000000
1946.000000
1920.000000
1930.000000
2022.000000
2174.000000
2232.000000
2307.000000
2283.000000
2258.000000
2547.000000
2717.000000
2770.000000
2939.000000
2920.000000
3063.000000
2952.000000
2920.000000
2953.000000
2774.000000
2600.000000
2447.000000
2206.000000
2089.000000
2231.000000
2537.000000
2339.000000
2041.000000
1532.000000
1281.000000
1205.000000
1081.000000
1070.000000
1174.000000
1028.000000
788.000000
498.000000
231.000000
43.000000
0.000000
0.000000
0.000000
0.000000
0.000000
0.000000
0.000000
0.000000
0.000000
0.000000
0.000000
0.000000
0.000000
0.000000
0.000000
0.000000
0.000000
0.000000
0.000000
0.000000
0.000000
0.000000
0.000000
0.000000
0.000000
0.000000
0.000000
0.000000
0.000000
0.000000
0.000000
0.000000
0.000000
0.000000
0.000000
0.000000
0.000000
0.000000
0.000000
0.000000
0.000000
0.000000
0.000000
0.000000
0.000000
0.000000
0.000000
0.000000
0.000000
0.000000
0.000000
0.000000
0.000000
0.000000
0.000000
0.000000
0.000000
0.000000
0.000000
0.000000
0.000000
0.000000
0.000000
0.000000
0.000000
0.000000
0.000000
0.000000
0.000000
0.000000
0.000000
0.000000
0.000000
0.000000
0.000000
0.000000
0.000000
0.000000
0.000000
0.000000
0.000000
0.000000
0.000000
0.000000
0.000000
0.000000
0.000000
0.000000
0.000000
0.000000
0.000000
0.000000
0.000000
0.000000
0.000000
0.000000
0.000000
0.000000
0.000000
0.000000
0.000000
0.000000
0.000000
0.000000
0.000000
0.000000
0.000000
0.000000
0.000000
0.000000
0.000000
0.000000
0.000000
0.000000
0.000000
0.000000
0.000000
0.000000
0.000000
0.000000
0.000000
0.000000
0.000000
0.000000
0.000000
0.000000
0.000000
0.000000
0.000000
0.000000
0.000000
0.000000
0.000000
0.000000
0.000000
0.000000
0.000000
0.000000
0.000000
0.000000
0.000000
0.000000
0.000000
0.000000
0.000000
0.000000
0.000000
0.000000
0.000000
0.000000
0.000000
0.000000
0.000000
0.000000
0.000000
0.000000
0.000000
0.000000
0.000000
0.000000
0.000000
0.000000
0.000000
0.000000
0.000000
0.000000
0.000000
0.000000
0.000000
0.000000
0.000000
0.000000
0.000000
0.000000
0.000000
0.000000
0.000000
0.000000
0.000000
0.000000
0.000000
0.000000
0.000000
0.000000
0.000000
0.000000
0.000000
0.000000
0.000000
0.000000
0.000000
0.000000
0.000000
0.000000
0.000000
0.000000
0.000000
0.000000
0.000000
0.000000
0.000000
0.000000
0.000000
0.000000
0.000000
0.000000
0.000000
0.000000
0.000000
0.000000
0.000000
0.000000
0.000000
0.000000
0.000000
0.000000
0.000000
0.000000
0.000000
0.000000
0.000000
0.000000
0.000000
0.000000
0.000000
0.000000
0.000000
0.000000
0.000000
0.000000
0.000000
0.000000
0.000000
0.000000
0.000000
0.000000
0.000000
0.000000
0.000000
0.000000
0.000000
0.000000
0.000000
0.000000
0.000000
0.000000
0.000000
0.000000
0.000000
0.000000
0.000000
0.000000
0.000000
0.000000
0.000000
0.000000
0.000000
0.000000
0.000000
0.000000
0.000000
0.000000
0.000000
0.000000
0.000000
0.000000
0.000000
0.000000
0.000000
0.000000
0.000000
0.000000
0.000000
0.000000
0.000000
0.000000
0.000000
0.000000
0.000000
0.000000
0.000000
0.000000
0.000000
0.000000
0.000000
0.000000
0.000000
0.000000
0.000000
0.000000
0.000000
0.000000
0.000000
0.000000
0.000000
0.000000
0.000000
0.000000
0.000000
0.000000
0.000000
0.000000
0.000000
0.000000
0.000000
0.000000
0.000000
0.000000
0.000000
0.000000
0.000000
0.000000
0.000000
0.000000
0.000000
0.000000
0.000000
0.000000
0.000000
0.000000
0.000000
0.000000
0.000000
0.000000
0.000000
0.000000
0.000000
0.000000
0.000000
0.000000
6.000000
7.000000
6.000000
10.000000
8.000000
0.000000
0.000000
0.000000
0.000000
0.000000
0.000000
0.000000
0.000000
0.000000
12.000000
36.000000
71.000000
100.000000
115.000000
94.000000
77.000000
88.000000
103.000000
75.000000
30.000000
0.000000
5.000000
12.000000
26.000000
26.000000
46.000000
78.000000
117.000000
144.000000
172.000000
196.000000
215.000000
197.000000
128.000000
120.000000
113.000000
115.000000
91.000000
72.000000
87.000000
91.000000
107.000000
132.000000
168.000000
173.000000
172.000000
173.000000
169.000000
204.000000
237.000000
266.000000
256.000000
264.000000
251.000000
240.000000
194.000000
151.000000
185.000000
241.000000
189.000000
220.000000
285.000000
376.000000
453.000000
526.000000
612.000000
620.000000
666.000000
620.000000
562.000000
589.000000
717.000000
808.000000
788.000000
721.000000
649.000000
580.000000
636.000000
613.000000
693.000000
756.000000
793.000000
818.000000
939.000000
1056.000000
1100.000000
1118.000000
1163.000000
1214.000000
1223.000000
1223.000000
1111.000000
1044.000000
1210.000000
1237.000000
1345.000000
1458.000000
1522.000000
1627.000000
1742.000000
1974.000000
2126.000000
2204.000000
2417.000000
2421.000000
2451.000000
2631.000000
2617.000000
2495.000000
2168.000000
2016.000000
2111.000000
2357.000000
2468.000000
2724.000000
3027.000000
3167.000000
3398.000000
3623.000000
3980.000000
4135.000000
4256.000000
4221.000000
4199.000000
4390.000000
4378.000000
4272.000000
4087.000000
4100.000000
4337.000000
4538.000000
4585.000000
4694.000000
4607.000000
4724.000000
5008.000000
5457.000000
5822.000000
6071.000000
6105.000000
6039.000000
6107.000000
6204.000000
6072.000000
6014.000000
5626.000000
5082.000000
5131.000000
5493.000000
5888.000000
6218.000000
6460.000000
6744.000000
7165.000000
7392.000000
7459.000000
7513.000000
60235.000000
60379.000000
7753.000000
7814.000000
8182.000000
8120.000000
8028.000000
7726.000000
7568.000000
7708.000000
7998.000000
8124.000000
7958.000000
7929.000000
8130.000000
8481.000000
9131.000000
9431.000000
9441.000000
9602.000000
9527.000000
9501.000000
9344.000000
9001.000000
8443.000000
8116.000000
7998.000000
8064.000000
8336.000000
8765.000000
8844.000000
8715.000000
8502.000000
8344.000000
8215.000000
8338.000000
8608.000000
8729.000000
8892.000000
8839.000000
8744.000000
8291.000000
7765.000000
7199.000000
6738.000000
6434.000000
6180.000000
5772.000000
5331.000000
5083.000000
4688.000000
4620.000000
4519.000000
4438.000000
4404.000000
4160.000000
3917.000000
3723.000000
3585.000000
3183.000000
2699.000000
2238.000000
2299.000000
2574.000000
2812.000000
2948.000000
2951.000000
2802.000000
2544.000000
2411.000000
2412.000000
2625.000000
2879.000000
3059.000000
3327.000000
3534.000000
3744.000000
3786.000000
3945.000000
3884.000000
4041.000000
4105.000000
4062.000000
3945.000000
3699.000000
3384.000000
3273.000000
3175.000000
3100.000000
2844.000000
2521.000000
2237.000000
2042.000000
1937.000000
1968.000000
2066.000000
2198.000000
2498.000000
2668.000000
2804.000000
2920.000000
2647.000000
2571.000000
2561.000000
2464.000000
2405.000000
2260.000000
2107.000000
1819.000000
1520.000000
1195.000000
1010.000000
1051.000000
1260.000000
1443.000000
1614.000000
1734.000000
1817.000000
1887.000000
1906.000000
63568.000000
63426.000000
2048.000000
2056.000000
2004.000000
1958.000000
1880.000000
1779.000000
1588.000000
1418.000000
1238.000000
1125.000000
1001.000000
924.000000
837.000000
798.000000
706.000000
602.000000
536.000000
427.000000
315.000000
217.000000
184.000000
206.000000
308.000000
439.000000
547.000000
645.000000
733.000000
791.000000
813.000000
815.000000
854.000000
923.000000
986.000000
1096.000000
1155.000000
1227.000000
1289.000000
1345.000000
1361.000000
1438.000000
1514.000000
1551.000000
1569.000000
1560.000000
1626.000000
1656.000000
1725.000000
1886.000000
2057.000000
2172.000000
2353.000000
2369.000000
2336.000000
2058.000000
1640.000000
1118.000000
536.000000
135.000000
184.000000
487.000000
809.000000
1026.000000
1204.000000
1351.000000
1595.000000
1680.000000
1751.000000
1797.000000
1743.000000
1718.000000
1622.000000
1535.000000
1458.000000
1390.000000
1381.000000
1384.000000
1340.000000
1307.000000
1286.000000
1243.000000
1197.000000
1115.000000
1055.000000
1024.000000
1025.000000
999.000000
977.000000
1017.000000
976.000000
1039.000000
1001.000000
1016.000000
1015.000000
983.000000
972.000000
942.000000
947.000000
943.000000
880.000000
825.000000
709.000000
591.000000
430.000000
361.000000
402.000000
478.000000
571.000000
682.000000
784.000000
941.000000
1083.000000
1180.000000
1321.000000
1459.000000
1588.000000
1739.000000
1992.000000
2126.000000
2292.000000
2492.000000
2791.000000
3203.000000
3578.000000
3907.000000
4243.000000
4410.000000
4515.000000
4500.000000
4412.000000
4243.000000
3935.000000
3662.000000
3386.000000
3083.000000
2715.000000
2370.000000
1975.000000
1622.000000
1366.000000
1137.000000
946.000000
702.000000
670.000000
750.000000
971.000000
1190.000000
1411.000000
1728.000000
1952.000000
2224.000000
2442.000000
2669.000000
2868.000000
3070.000000
3210.000000
3351.000000
3396.000000
3350.000000
3197.000000
2949.000000
2818.000000
2587.000000
2356.000000
2226.000000
2139.000000
2001.000000
1888.000000
1806.000000
1686.000000
1487.000000
1293.000000
1136.000000
983.000000
826.000000
685.000000
578.000000
468.000000
417.000000
293.000000
212.000000
114.000000
163.000000
256.000000
331.000000
483.000000
617.000000
727.000000
829.000000
942.000000
1011.000000
1067.000000
1134.000000
1175.000000
1188.000000
1161.000000
1165.000000
1228.000000
1333.000000
1418.000000
1504.000000
1531.000000
1546.000000
1586.000000
1617.000000
1633.000000
1696.000000
1748.000000
1726.000000
1700.000000
1648.000000
1660.000000
1662.000000
1685.000000
1640.000000
1604.000000
1539.000000
1406.000000
1183.000000
935.000000
639.000000
517.000000
508.000000
681.000000
1065.000000
1393.000000
1689.000000
1890.000000
1984.000000
1966.000000
1961.000000
1914.000000
1854.000000
1705.000000
1537.000000
1357.000000
1221.000000
1160.000000
1155.000000
1171.000000
1216.000000
1271.000000
1273.000000
1203.000000
1112.000000
1072.000000
1102.000000
1174.000000
1224.000000
1246.000000
1192.000000
1066.000000
1124.000000
1150.000000
1152.000000
1148.000000
1124.000000
1101.000000
1120.000000
1136.000000
1123.000000
1043.000000
978.000000
951.000000
856.000000
733.000000
587.000000
419.000000
357.000000
434.000000
601.000000
726.000000
835.000000
928.000000
966.000000
974.000000
915.000000
861.000000
760.000000
737.000000
754.000000
787.000000
766.000000
727.000000
683.000000
689.000000
744.000000
752.000000
822.000000
921.000000
1076.000000
1185.000000
1308.000000
1525.000000
1791.000000
1946.000000
2030.000000
2131.000000
2198.000000
2345.000000
2457.000000
2565.000000
2558.000000
2593.000000
2747.000000
2904.000000
2934.000000
3033.000000
3139.000000
3277.000000
3179.000000
2966.000000
2794.000000
2626.000000
2447.000000
2308.000000
2183.000000
1938.000000
1671.000000
1427.000000
1431.000000
1369.000000
1251.000000
1152.000000
1316.000000
1493.000000
1658.000000
1783.000000
1946.000000
1978.000000
2092.000000
2267.000000
2535.000000
2784.000000
2981.000000
3061.000000
3045.000000
3251.000000
3241.000000
3149.000000
2988.000000
2924.000000
2762.000000
2560.000000
2379.000000
2312.000000
2172.000000
2039.000000
1818.000000
1682.000000
1531.000000
1418.000000
1363.000000
1332.000000
1191.000000
990.000000
999.000000
1055.000000
1075.000000
1064.000000
1069.000000
1036.000000
1024.000000
1105.000000
1111.000000
1129.000000
1130.000000
1163.000000
1136.000000
1209.000000
1227.000000
1251.000000
1303.000000
1499.000000
1547.000000
1475.000000
1375.000000
1260.000000
1151.000000
1106.000000
1258.000000
1489.000000
1634.000000
1802.000000
2218.000000
2600.000000
2652.000000
2624.000000
2842.000000
2976.000000
2971.000000
2813.000000
2654.000000
2402.000000
2468.000000
2891.000000
3268.000000
3466.000000
3570.000000
3301.000000
3009.000000
3213.000000
3775.000000
4051.000000
4047.000000
4207.000000
4241.000000
4092.000000
4067.000000
4268.000000
4492.000000
4345.000000
4055.000000
4095.000000
4230.000000
4396.000000
4401.000000
4173.000000
3743.000000
3321.000000
3167.000000
2855.000000
2725.000000
2386.000000
2106.000000
1887.000000
1842.000000
1799.000000
1781.000000
1784.000000
1797.000000
1862.000000
1957.000000
1950.000000
1723.000000
1521.000000
1379.000000
1366.000000
1359.000000
1388.000000
1481.000000
1489.000000
1548.000000
62823.000000
63101.000000
2456.000000
2747.000000
2792.000000
2928.000000
3275.000000
3531.000000
4078.000000
4165.000000
4348.000000
4461.000000
4355.000000
4504.000000
4387.000000
4382.000000
4487.000000
4363.000000
4359.000000
4219.000000
4146.000000
3812.000000
3454.000000
2940.000000
3095.000000
2902.000000
2649.000000
2480.000000
2244.000000
2098.000000
2164.000000
2420.000000
2625.000000
2798.000000
2782.000000
2739.000000
2897.000000
2957.000000
2930.000000
3085.000000
3120.000000
2988.000000
3196.000000
3193.000000
3099.000000
3096.000000
3177.000000
3197.000000
3158.000000
2953.000000
2860.000000
2768.000000
2494.000000
2591.000000
2499.000000
2226.000000
2433.000000
2396.000000
2690.000000
3002.000000
2926.000000
3044.000000
3099.000000
3201.000000
3418.000000
3690.000000
3790.000000
3971.000000
3779.000000
3760.000000
3757.000000
3856.000000
3700.000000
3611.000000
3414.000000
3275.000000
3116.000000
2942.000000
2743.000000
2529.000000
2384.000000
2463.000000
2662.000000
2913.000000
3047.000000
3010.000000
2927.000000
2668.000000
2324.000000
2159.000000
2235.000000
2623.000000
3035.000000
3343.000000
3609.000000
3840.000000
4101.000000
4518.000000
4650.000000
4656.000000
4796.000000
4943.000000
4719.000000
4493.000000
4411.000000
4198.000000
3856.000000
3818.000000
4157.000000
4362.000000
4383.000000
4217.000000
3761.000000
3248.000000
3036.000000
3049.000000
3054.000000
2949.000000
2735.000000
2531.000000
2471.000000
2284.000000
2011.000000
2022.000000
2057.000000
2179.000000
2329.000000
2487.000000
2630.000000
2855.000000
3075.000000
3275.000000
3526.000000
3661.000000
3865.000000
4053.000000
4036.000000
4163.000000
4297.000000
4280.000000
4524.000000
4627.000000
5204.000000
5646.000000
5549.000000
5416.000000
5296.000000
5075.000000
4827.000000
4752.000000
4714.000000
4653.000000
4526.000000
4360.000000
4063.000000
3704.000000
3159.000000
2514.000000
2092.000000
1977.000000
1962.000000
2295.000000
2683.000000
2942.000000
3093.000000
3469.000000
3630.000000
3852.000000
4130.000000
4036.000000
4015.000000
4143.000000
4198.000000
4202.000000
4224.000000
4212.000000
4007.000000
3801.000000
3594.000000
3255.000000
3218.000000
3262.000000
3328.000000
3292.000000
3109.000000
2939.000000
2942.000000
3006.000000
3067.000000
3119.000000
3029.000000
3005.000000
2942.000000
2801.000000
2617.000000
2774.000000
2963.000000
3115.000000
2867.000000
2783.000000
2839.000000
3004.000000
3087.000000
3281.000000
3128.000000
3013.000000
3018.000000
3002.000000
2954.000000
3024.000000
3201.000000
3368.000000
3424.000000
3405.000000
3257.000000
3254.000000
3523.000000
3719.000000
3742.000000
3824.000000
3943.000000
3926.000000
3940.000000
3789.000000
3879.000000
4193.000000
4378.000000
4396.000000
4335.000000
4164.000000
4077.000000
3908.000000
3748.000000
3747.000000
3655.000000
3471.000000
3158.000000
2833.000000
2643.000000
2468.000000
2417.000000
2537.000000
2629.000000
2638.000000
2654.000000
2830.000000
3049.000000
3202.000000
3294.000000
3425.000000
3498.000000
3659.000000
3820.000000
4097.000000
4234.000000
4297.000000
4233.000000
4136.000000
3992.000000
3901.000000
3810.000000
3742.000000
3602.000000
3221.000000
2837.000000
2447.000000
2207.000000
2114.000000
2031.000000
2069.000000
2193.000000
2453.000000
2745.000000
3041.000000
3191.000000
3329.000000
3531.000000
3629.000000
3593.000000
3506.000000
3505.000000
3256.000000
3021.000000
2853.000000
2769.000000
2775.000000
2730.000000
2740.000000
2614.000000
2368.000000
2121.000000
1909.000000
1655.000000
1403.000000
1315.000000
1250.000000
1416.000000
1470.000000
1568.000000
1693.000000
1837.000000
1968.000000
2039.000000
2100.000000
2207.000000
2420.000000
2711.000000
2871.000000
2958.000000
2933.000000
3017.000000
3066.000000
3044.000000
3082.000000
3151.000000
3146.000000
3284.000000
3479.000000
3649.000000
3500.000000
3451.000000
3332.000000
3326.000000
3291.000000
3037.000000
2792.000000
2496.000000
2169.000000
1957.000000
1763.000000
1476.000000
1306.000000
1193.000000
1184.000000
1349.000000
1433.000000
1729.000000
1936.000000
2187.000000
2558.000000
3019.000000
3368.000000
3699.000000
3899.000000
4248.000000
4467.000000
4468.000000
4418.000000
4452.000000
4400.000000
4354.000000
4281.000000
4325.000000
4435.000000
4627.000000
4596.000000
4850.000000
4911.000000
5139.000000
5192.000000
5326.000000
5340.000000
5128.000000
4852.000000
4348.000000
3743.000000
3381.000000
3197.000000
3146.000000
3234.000000
3216.000000
3225.000000
3193.000000
3179.000000
3106.000000
3112.000000
2979.000000
2828.000000
2649.000000
2472.000000
2167.000000
2045.000000
1842.000000
1718.000000
1648.000000
1750.000000
2027.000000
2236.000000
2542.000000
2950.000000
3446.000000
3740.000000
3672.000000
3707.000000
3790.000000
3760.000000
3836.000000
3813.000000
3817.000000
3648.000000
3549.000000
3355.000000
3298.000000
3231.000000
3260.000000
3190.000000
3061.000000
2994.000000
2972.000000
3020.000000
2923.000000
2805.000000
2539.000000
2280.000000
1880.000000
1568.000000
1559.000000
1812.000000
2035.000000
2275.000000
2443.000000
2566.000000
2635.000000
2715.000000
2855.000000
2894.000000
2857.000000
2880.000000
2914.000000
2972.000000
3006.000000
2959.000000
2878.000000
2798.000000
2699.000000
2499.000000
2363.000000
2093.000000
1709.000000
1423.000000
1235.000000
1143.000000
1101.000000
1011.000000
947.000000
904.000000
896.000000
860.000000
805.000000
739.000000
645.000000
579.000000
516.000000
600.000000
726.000000
765.000000
941.000000
844.000000
877.000000
903.000000
939.000000
944.000000
961.000000
1000.000000
1064.000000
1143.000000
1230.000000
1289.000000
1299.000000
1305.000000
1312.000000
1289.000000
1217.000000
1040.000000
965.000000
914.000000
801.000000
732.000000
694.000000
696.000000
739.000000
887.000000
979.000000
994.000000
1171.000000
1290.000000
1381.000000
1415.000000
1488.000000
1550.000000
1562.000000
1580.000000
1523.000000
1416.000000
1243.000000
1114.000000
1033.000000
1043.000000
1040.000000
934.000000
666.000000
691.000000
699.000000
493.000000
432.000000
293.000000
248.000000
208.000000
204.000000
217.000000
195.000000
210.000000
202.000000
260.000000
324.000000
389.000000
470.000000
555.000000
684.000000
826.000000
1006.000000
1193.000000
1382.000000
1638.000000
1785.000000
1926.000000
2051.000000
2119.000000
2174.000000
2333.000000
2500.000000
2643.000000
2851.000000
2974.000000
3143.000000
3369.000000
3551.000000
3601.000000
3685.000000
3498.000000
3369.000000
3187.000000
2999.000000
2763.000000
2604.000000
2333.000000
2070.000000
1697.000000
1406.000000
1073.000000
787.000000
611.000000
563.000000
473.000000
651.000000
944.000000
1242.000000
1511.000000
1774.000000
1963.000000
2271.000000
2541.000000
2782.000000
3032.000000
3131.000000
3208.000000
3209.000000
3139.000000
3043.000000
2814.000000
2562.000000
2405.000000
2311.000000
2204.000000
2116.000000
2007.000000
1879.000000
1696.000000
1408.000000
1208.000000
1054.000000
935.000000
841.000000
759.000000
695.000000
639.000000
601.000000
530.000000
491.000000
459.000000
357.000000
285.000000
208.000000
128.000000
42.000000
2.000000
42.000000
139.000000
222.000000
321.000000
442.000000
529.000000
642.000000
763.000000
895.000000
939.000000
1049.000000
1159.000000
63575.000000
63673.000000
1529.000000
1720.000000
1906.000000
2085.000000
2184.000000
2238.000000
2294.000000
2296.000000
2328.000000
2330.000000
2408.000000
2470.000000
2517.000000
2509.000000
2409.000000
2205.000000
2009.000000
1768.000000
1573.000000
1343.000000
1137.000000
940.000000
1038.000000
1337.000000
1655.000000
1859.000000
2033.000000
2180.000000
2361.000000
2455.000000
2575.000000
2714.000000
2829.000000
2894.000000
2827.000000
2556.000000
2275.000000
2000.000000
1812.000000
1694.000000
1475.000000
1256.000000
953.000000
687.000000
521.000000
396.000000
384.000000
377.000000
396.000000
394.000000
424.000000
416.000000
404.000000
377.000000
325.000000
261.000000
198.000000
129.000000
104.000000
77.000000
58.000000
71.000000
83.000000
96.000000
114.000000
132.000000
141.000000
149.000000
169.000000
201.000000
224.000000
240.000000
259.000000
273.000000
285.000000
316.000000
353.000000
395.000000
424.000000
468.000000
555.000000
688.000000
851.000000
1049.000000
1263.000000
1423.000000
1531.000000
1586.000000
1612.000000
1675.000000
1861.000000
1989.000000
2078.000000
2056.000000
1992.000000
2001.000000
1942.000000
1946.000000
1939.000000
1974.000000
2082.000000
2092.000000
2086.000000
1988.000000
1860.000000
1849.000000
1768.000000
1702.000000
1644.000000
1544.000000
1432.000000
1324.000000
1272.000000
1231.000000
1095.000000
1057.000000
1094.000000
1129.000000
1042.000000
794.000000
578.000000
446.000000
310.000000
251.000000
282.000000
285.000000
263.000000
275.000000
302.000000
233.000000
128.000000
144.000000
207.000000
285.000000
336.000000
270.000000
142.000000
163.000000
230.000000
253.000000
201.000000
116.000000
65.000000
77.000000
97.000000
96.000000
70.000000
108.000000
206.000000
295.000000
368.000000
413.000000
449.000000
444.000000
462.000000
467.000000
488.000000
479.000000
497.000000
502.000000
519.000000
593.000000
768.000000
999.000000
1238.000000
1480.000000
1577.000000
1635.000000
1625.000000
1561.000000
1468.000000
1417.000000
1506.000000
1592.000000
1550.000000
1496.000000
1882.000000
2266.000000
2627.000000
2868.000000
3029.000000
2943.000000
2592.000000
2691.000000
2934.000000
3147.000000
3297.000000
3334.000000
3447.000000
3461.000000
3430.000000
3266.000000
2942.000000
2647.000000
2327.000000
2054.000000
1756.000000
1567.000000
1414.000000
1376.000000
1497.000000
1584.000000
1659.000000
1691.000000
1694.000000
1725.000000
1745.000000
1818.000000
1917.000000
2077.000000
2338.000000
2626.000000
3005.000000
3356.000000
3641.000000
4012.000000
4181.000000
4162.000000
4179.000000
4203.000000
4162.000000
4204.000000
4128.000000
4101.000000
4079.000000
4075.000000
3990.000000
3986.000000
3947.000000
4025.000000
4042.000000
4105.000000
4107.000000
4263.000000
4408.000000
4452.000000
4673.000000
5013.000000
5320.000000
5370.000000
5473.000000
5636.000000
5582.000000
5663.000000
5648.000000
5456.000000
5044.000000
4674.000000
4453.000000
4259.000000
3987.000000
3736.000000
3528.000000
3407.000000
3310.000000
3197.000000
3166.000000
3069.000000
3192.000000
3334.000000
3587.000000
3720.000000
3908.000000
4102.000000
3973.000000
3550.000000
3130.000000
2853.000000
3007.000000
3212.000000
3214.000000
2952.000000
2625.000000
2518.000000
2656.000000
2967.000000
3216.000000
3253.000000
3312.000000
3188.000000
3368.000000
3510.000000
3664.000000
3731.000000
3633.000000
3519.000000
3368.000000
3296.000000
3035.000000
2949.000000
2888.000000
2678.000000
2602.000000
2524.000000
2416.000000
2336.000000
2215.000000
2116.000000
2026.000000
1805.000000
1936.000000
2033.000000
2135.000000
2219.000000
2205.000000
2118.000000
1925.000000
1818.000000
1679.000000
1646.000000
1577.000000
1513.000000
1513.000000
1526.000000
1584.000000
1583.000000
1565.000000
1578.000000
1512.000000
1588.000000
1670.000000
1617.000000
1543.000000
1463.000000
1368.000000
1361.000000
1269.000000
1237.000000
1195.000000
1068.000000
1048.000000
1024.000000
980.000000
941.000000
987.000000
1032.000000
1091.000000
1161.000000
1185.000000
1112.000000
1083.000000
988.000000
794.000000
725.000000
709.000000
645.000000
641.000000
621.000000
515.000000
460.000000
413.000000
396.000000
349.000000
341.000000
331.000000
489.000000
576.000000
553.000000
494.000000
437.000000
493.000000
515.000000
503.000000
475.000000
472.000000
461.000000
474.000000
463.000000
500.000000
483.000000
533.000000
497.000000
552.000000
547.000000
576.000000
567.000000
574.000000
587.000000
553.000000
567.000000
604.000000
674.000000
679.000000
705.000000
690.000000
737.000000
785.000000
775.000000
746.000000
873.000000
977.000000
1023.000000
1065.000000
1102.000000
1021.000000
971.000000
887.000000
832.000000
838.000000
881.000000
904.000000
853.000000
817.000000
744.000000
651.000000
713.000000
743.000000
778.000000
764.000000
749.000000
746.000000
721.000000
669.000000
639.000000
634.000000
625.000000
617.000000
631.000000
696.000000
750.000000
753.000000
778.000000
770.000000
756.000000
681.000000
701.000000
778.000000
871.000000
980.000000
1015.000000
1198.000000
1291.000000
1398.000000
1446.000000
1497.000000
1599.000000
1711.000000
1765.000000
1795.000000
1752.000000
1641.000000
1501.000000
1419.000000
1340.000000
1395.000000
1424.000000
1533.000000
1536.000000
1626.000000
1597.000000
1550.000000
1585.000000
1574.000000
1589.000000
1512.000000
1477.000000
1404.000000
1330.000000
1149.000000
947.000000
679.000000
852.000000
1242.000000
1515.000000
1820.000000
2158.000000
2388.000000
2572.000000
2717.000000
2837.000000
3004.000000
3223.000000
3428.000000
3626.000000
3834.000000
4030.000000
4180.000000
4385.000000
4529.000000
4672.000000
4913.000000
5171.000000
5499.000000
5897.000000
6225.000000
6544.000000
6705.000000
6894.000000
6989.000000
7171.000000
7274.000000
7486.000000
7776.000000
7902.000000
7808.000000
7639.000000
7556.000000
7654.000000
7788.000000
7647.000000
7356.000000
7214.000000
7222.000000
7106.000000
6911.000000
6549.000000
6108.000000
5866.000000
5691.000000
5579.000000
5584.000000
5691.000000
5883.000000
5981.000000
6036.000000
6050.000000
6205.000000
6028.000000
5971.000000
5930.000000
5961.000000
5959.000000
5872.000000
5730.000000
5465.000000
5187.000000
5021.000000
4965.000000
4773.000000
4810.000000
4725.000000
4989.000000
5073.000000
5102.000000
5097.000000
4984.000000
4795.000000
4558.000000
4345.000000
4067.000000
3804.000000
3605.000000
3350.000000
3224.000000
3018.000000
2859.000000
2983.000000
3003.000000
2933.000000
2959.000000
2966.000000
3001.000000
2971.000000
2979.000000
2837.000000
2692.000000
2471.000000
2484.000000
2142.000000
1867.000000
1705.000000
1636.000000
1447.000000
1445.000000
1506.000000
1562.000000
1592.000000
1685.000000
1628.000000
1576.000000
1486.000000
1432.000000
1386.000000
1432.000000
1358.000000
1213.000000
1137.000000
967.000000
930.000000
868.000000
782.000000
738.000000
825.000000
842.000000
809.000000
809.000000
762.000000
761.000000
787.000000
712.000000
601.000000
476.000000
509.000000
504.000000
468.000000
448.000000
396.000000
361.000000
293.000000
222.000000
258.000000
274.000000
394.000000
446.000000
481.000000
447.000000
397.000000
381.000000
264.000000
252.000000
225.000000
237.000000
188.000000
139.000000
126.000000
126.000000
162.000000
160.000000
140.000000
172.000000
213.000000
310.000000
449.000000
1056.000000
1512.000000
1707.000000
1932.000000
2009.000000
2010.000000
1971.000000
2021.000000
2132.000000
2081.000000
1958.000000
2041.000000
2121.000000
2124.000000
2323.000000
2476.000000
2515.000000
2787.000000
2571.000000
2460.000000
2326.000000
2249.000000
2316.000000
2378.000000
2426.000000
2365.000000
2154.000000
2130.000000
2086.000000
2056.000000
2025.000000
1883.000000
1620.000000
1507.000000
1316.000000
1164.000000
1121.000000
1155.000000
1248.000000
1378.000000
1308.000000
1269.000000
1260.000000
1233.000000
1265.000000
1247.000000
1144.000000
1051.000000
901.000000
896.000000
907.000000
981.000000
1040.000000
990.000000
951.000000
1020.000000
1030.000000
942.000000
849.000000
797.000000
723.000000
617.000000
518.000000
445.000000
459.000000
431.000000
425.000000
449.000000
566.000000
583.000000
548.000000
467.000000
429.000000
388.000000
445.000000
448.000000
394.000000
377.000000
328.000000
323.000000
247.000000
294.000000
303.000000
286.000000
257.000000
295.000000
316.000000
327.000000
299.000000
269.000000
293.000000
284.000000
243.000000
218.000000
175.000000
137.000000
149.000000
197.000000
261.000000
283.000000
279.000000
272.000000
290.000000
