0
0
0
0
0
0
0
0
0
0
0
0
1
10
21
36
40
37
30
32
32
30
37
45
55
69
113
150
178
173
171
168
158
160
158
180
237
318
369
377
431
476
516
529
533
550
591
623
658
719
777
844
920
1003
1069
1164
1209
1232
1282
1338
1360
1394
1461
1528
1568
1682
1788
1869
1916
2017
2127
2208
2292
2396
2500
2624
2747
2914
3117
3320
3501
3586
3665
3768
3786
3892
3939
3965
3964
3901
3858
3858
3884
3969
4048
4098
4250
4207
4159
4023
3802
3703
3711
3691
3696
3687
3703
3688
3358
2826
2214
1917
1734
1548
1409
1265
1045
790
447
182
21
0
0
0
0
0
0
0
0
0
0
0
0
0
0
0
0
0
0
0
0
0
0
0
0
0
0
0
0
0
0
0
0
0
0
0
0
0
0
0
0
0
0
0
0
0
0
0
0
0
0
0
0
0
0
0
0
0
0
0
0
0
0
0
0
0
0
0
0
0
0
0
0
0
0
0
0
0
0
0
0
0
0
0
0
0
0
0
0
0
0
0
0
0
0
0
0
0
0
0
0
0
0
0
0
0
0
0
0
0
0
0
0
0
0
0
0
0
0
0
0
0
0
0
0
0
0
0
0
0
0
0
0
0
0
0
0
0
0
0
0
0
0
0
0
0
0
0
0
0
0
0
0
0
0
0
0
0
0
0
0
0
0
0
0
0
0
0
0
0
0
0
0
0
0
0
0
0
0
0
0
0
0
0
0
0
0
0
0
0
0
0
0
0
0
0
0
0
0
0
0
0
0
0
0
0
0
0
0
0
0
0
0
0
0
0
0
0
0
0
0
0
0
0
0
0
0
0
0
0
0
0
0
0
0
0
0
0
0
0
0
0
0
0
0
0
0
0
0
0
0
0
0
0
0
0
0
0
0
0
0
0
0
0
0
0
0
0
0
0
0
0
0
0
0
0
0
0
0
0
0
0
0
0
0
0
0
0
0
0
0
0
0
0
0
0
0
0
0
0
0
0
0
0
0
0
0
0
0
0
0
0
0
0
0
0
0
0
0
0
0
0
0
0
0
0
0
0
0
0
0
0
0
0
1
3
3
2
2
2
2
2
1
1
1
1
0
1
3
22
47
56
72
83
97
99
103
100
98
103
106
108
109
130
160
197
251
306
367
389
399
409
411
416
426
418
400
407
422
442
474
469
474
497
535
590
617
650
688
730
771
806
849
894
960
1040
1099
1164
1237
1303
1370
1435
1534
1611
1687
1741
1837
1936
2006
2073
2123
2110
2111
2116
2131
2173
2216
2282
2311
2335
2377
2440
2505
2598
2683
2787
2865
2893
2967
3057
3149
3274
3387
3490
3617
3712
3793
3891
4049
4179
4325
4487
4594
4687
4782
4815
4794
4819
4977
5070
5276
5508
5776
6006
6310
6563
6926
7276
7474
7761
8026
8280
8425
8601
8841
9010
9164
9398
9704
9932
10179
10413
10624
10969
11316
11592
11932
12285
12382
12672
12822
13073
13122
13285
13454
13764
13896
14309
14664
15124
15328
15729
15872
16042
21766
16051
16053
15959
15522
15512
15348
15359
15253
15255
15128
15064
14875
14706
14505
14516
13889
13940
13668
13678
13521
13459
13543
13675
13975
14352
14716
15305
15726
16067
16340
16569
16602
16687
16692
16621
16401
16323
16118
15961
15697
15582
15430
15391
15392
15385
15380
15314
15251
15191
15200
15170
15194
15103
15037
14948
14852
14684
14504
14314
14147
14100
14057
14052
13990
13934
13864
13852
13833
13728
13618
13459
13318
13160
12985
12854
12708
12490
12171
11807
11385
11000
10665
10322
9902
9474
9102
8744
8409
8142
7928
7753
7608
7531
7472
7457
7501
7575
7718
7938
8214
8407
8584
8643
8661
8582
8492
8373
8253
8143
8008
7890
7860
7746
7638
7544
7426
7287
7154
6972
34234
6503
6284
6055
5814
5614
5405
5194
5040
4932
4826
4745
4679
4609
4520
4456
4403
4324
4272
4223
4195
4169
4162
4164
4198
4251
4287
4355
4429
4509
4586
4693
4781
4857
4978
5073
5212
5329
5444
5575
5702
5849
5950
6018
6128
6235
6332
6394
6522
6625
6717
6838
6944
7050
7188
7280
7374
7397
7435
7420
7398
7350
7312
7213
7180
7132
7122
7107
7139
7202
7243
7262
7258
7247
7227
7180
7165
7129
7111
7142
7096
7069
6993
6944
6849
6787
6711
6613
6518
6438
6357
6295
6203
6124
6018
5963
5885
5834
5786
5740
5715
5682
5655
5642
5639
5626
5632
5673
5728
5805
5896
5974
6053
6148
6287
6426
6621
6787
6994
7223
7506
7791
8075
8301
8610
8925
9218
9483
9634
9843
10044
10238
10418
10575
10662
10785
10867
10943
10974
11039
11086
11169
11215
11281
11311
11387
11409
11400
11376
11339
11209
11098
10958
10763
10552
10373
10132
9922
9693
9490
9194
8906
8558
8241
7915
7627
7336
7043
6761
6523
6281
6092
5932
5809
5707
5608
5532
5483
5454
5408
5377
5348
5329
5292
5267
5280
5283
5317
5369
5448
5554
5679
5814
5957
6132
6276
6421
6617
6818
7042
7272
7513
7762
8021
8317
8559
8755
8991
9143
9272
9351
9395
9396
9356
9269
9220
9176
9106
9070
9039
9042
9033
8999
8940
8902
8819
8686
8536
8398
8154
7993
7800
7627
7412
7245
7080
6903
6707
6501
6333
6164
5987
5778
5630
5444
5328
5177
5088
5000
4943
4886
4875
4896
4911
4954
5024
5080
5147
5185
5212
5257
5274
5298
5337
5352
5393
5413
5422
5426
5430
5446
5465
5507
5554
5581
5618
5650
5684
5695
5700
5721
5701
5692
5665
5663
5630
5644
5659
5714
5780
5905
6053
6244
6454
6682
6927
7195
7437
7684
7898
8147
8323
8584
8775
9080
9324
9550
9786
9964
10116
10197
10325
10435
10503
10575
10593
10633
10677
10760
10785
10807
10772
10787
10716
10735
10736
10730
10752
10852
10897
10981
11026
11060
11151
11050
10955
10863
10663
10355
10042
9695
9324
9003
8609
8271
7924
7591
7287
7028
6786
6567
6385
6210
6073
5969
5892
5843
5724
5706
5629
5616
5627
5662
5721
5794
5840
5959
6024
6142
6252
6387
6497
6584
6586
6540
6424
6404
6469
6501
6368
6285
6249
6257
6230
6349
6517
6884
7157
7378
7580
7832
8029
8156
8356
8602
8851
9191
9503
9787
9875
9996
10049
10116
10189
10213
10293
10225
10223
10206
10209
10272
10360
10536
10761
11040
11509
12015
12545
12823
13045
13203
13291
13400
13447
13476
13538
13624
13674
13725
13745
13671
13654
13587
13630
13712
13700
13445
13391
13320
13261
13245
13321
13390
13459
17543
13737
13881
13988
14026
14178
14322
14579
14356
14444
14567
14801
14944
15200
15355
15570
15720
15933
16056
16320
16575
16775
16934
17035
16546
16650
16614
16605
16545
16469
16425
16317
16147
16039
15943
15811
15727
15545
15447
15317
15193
15104
15093
14932
14751
14517
14439
14334
14253
14220
14227
14257
14217
14232
14154
13994
13878
13799
13745
13796
13748
13696
13686
13681
13758
13732
13766
13762
13735
13768
13848
13972
14057
14128
14228
14360
14468
14495
14604
14660
14729
14809
14875
14865
14898
14927
14896
14846
14783
14785
14630
14639
14549
14498
14394
14267
14082
14065
13882
13848
13694
13519
13275
12961
12635
12438
12142
11959
11709
11608
11419
11359
11390
11495
11422
11313
11140
10988
10968
10868
10913
10989
11005
10983
11012
11115
11216
11327
11417
11581
11664
11731
11805
11850
11958
12083
12171
12354
12475
12672
12785
12793
12703
12759
12888
13074
13198
13361
13510
13625
13745
13815
14049
14177
14203
14288
14400
14363
14338
14324
14326
14368
14374
14370
14070
13928
13652
13383
12972
12806
12582
12292
12010
11816
11550
11289
11028
10775
10502
10350
10078
9860
9755
9615
9505
9493
9514
9403
9315
9137
9020
8912
8902
8855
8924
9002
9041
9192
9292
9373
9512
9631
9789
9912
10008
10150
10194
10259
10206
10160
10065
9921
9869
9771
9715
9662
9741
9732
9842
9830
9913
9894
9777
9799
9762
9825
10034
10229
10332
10554
10621
10531
10432
10311
10115
9934
9812
9669
9522
9453
9408
9360
9290
9256
9253
9403
9530
9666
9832
10027
10177
10366
10516
10648
10787
10835
10863
10803
10744
10684
10663
10632
10528
10395
10284
10246
10206
10175
10190
10147
10104
10071
10068
10030
10039
9985
9894
9766
9583
9401
9181
8912
8692
8514
8294
8110
7952
7783
7623
7497
7404
7303
7309
7289
7326
7317
7364
7452
7587
7658
7860
8020
8178
8268
8418
8578
8773
8847
9050
9199
9321
9500
9575
9764
9899
10030
10118
10202
10301
10284
10354
10424
10424
10438
10461
10521
10575
10562
10636
10649
10729
10667
10685
10701
10729
10668
10603
10477
10424
10272
10260
10270
10344
10406
10398
10493
10505
10496
10529
10462
10441
10500
10484
10548
10681
10667
10685
10712
10714
10447
10355
10188
9939
9646
9504
9387
9362
9411
9438
9446
9398
9291
9164
9030
8924
8773
8642
8493
8412
8335
8209
8075
8009
7946
7911
7980
7965
8044
8171
8196
8284
8246
8300
8408
8509
8680
8856
8995
9240
9417
9557
9765
9958
10034
10163
10254
10320
10300
10353
10312
10346
10306
10175
10033
9990
9809
9725
9579
9420
9154
8977
8770
8587
8413
8261
8051
7791
7541
7252
6992
6749
6496
6247
6014
5801
5630
5577
5531
5531
5533
5540
5549
5532
5499
5495
5480
5506
5454
5422
5402
5401
5378
5415
5427
5484
5495
5553
5592
5691
5801
5871
5945
6022
6118
6200
6253
6323
6393
6438
6494
6586
6689
6858
6934
7048
7113
7208
7280
7313
7354
7364
7396
7380
7377
7374
7352
7285
7175
7085
6995
6904
6779
6647
6529
6422
6362
6276
6196
6098
6020
5931
5856
5771
5716
5672
5648
5647
5630
5632
5625
5652
5671
5702
5731
5769
5822
5904
5992
6080
6203
6329
6452
6583
6732
6864
6948
7073
7247
7409
7578
7709
7891
8050
8164
8323
8461
8608
8814
8910
9042
9147
9235
9289
9335
9331
9371
9389
9455
9455
9514
9526
9528
9489
9476
9460
9439
9390
9362
9303
9305
9211
9127
9020
8902
8711
8521
8312
8041
7730
7368
7067
6688
6282
5895
5554
5196
4850
4522
4313
4117
3894
3684
3525
3349
3192
3054
2932
2812
2716
2624
2551
2499
2456
2439
2427
2420
2439
2451
2488
2552
2611
2693
2803
2916
3041
3185
3337
3523
34567
3919
4084
4217
4366
4634
4923
5211
5434
5709
5954
6179
6404
6608
6745
6837
6896
6928
6917
6899
6838
6799
6704
6627
6504
6415
6310
6204
6037
5841
5625
5369
5039
4714
4368
4017
3667
3420
3222
2869
2473
2092
1697
1373
1184
1183
1162
1102
1045
1002
955
914
869
828
776
714
659
623
596
591
574
573
570
574
573
579
579
594
605
612
631
654
675
696
724
759
808
851
899
956
1039
1143
1254
1354
1497
1780
2105
2441
2783
3130
3453
3747
4027
4416
4789
5145
5504
5853
6172
6510
6766
6987
7148
7332
7479
7642
7748
7877
7978
8157
8265
8391
8452
8562
8654
8750
8833
8968
8986
9047
9109
9146
9164
9188
9198
9245
9255
9312
9304
9335
9332
9340
9342
9365
9313
9278
9279
9255
9246
9261
9270
9302
9308
9312
9296
9298
9284
9258
9267
9278
9225
9222
9240
9310
9407
9553
9702
9862
10003
10157
10295
10449
10572
10713
10840
10954
10997
11010
11069
11129
11133
11086
11006
11017
10941
10836
10791
10759
10717
10722
10709
10666
10584
10469
10377
10216
10082
9870
9605
9349
9175
8946
8690
8389
8076
7834
7620
7372
7156
6979
6771
6552
6377
6224
6048
5915
5827
5802
5835
5893
5955
6095
6282
6472
6718
6950
7222
7468
7758
8003
8281
8529
8839
9141
9351
9548
9800
9895
10065
10249
10404
10597
10867
11130
11394
11668
12015
12339
12691
13008
13265
13504
13708
13840
13922
14121
14357
14535
14606
14628
14649
14593
14524
14402
14270
14093
13963
13784
13657
13408
13143
12826
12385
11999
11642
11415
11230
11123
11056
10991
10980
11018
11048
11052
11085
11134
11246
11343
11468
11522
11531
11568
11584
11607
11653
11682
11667
11635
11589
11505
11472
11481
11452
11444
11385
11296
11138
10985
10852
10736
10643
10507
10356
10145
9917
9725
9563
9428
9304
9221
9109
9025
8902
8788
8669
8531
8343
8175
8021
7909
7769
7567
7361
7114
6898
6677
6454
6264
6084
5915
5751
5670
5512
5361
5219
5124
4993
4881
4754
4572
4367
4148
3961
3804
3673
3574
3487
3427
3353
3291
3228
3175
3069
2987
2919
2846
2793
2682
2602
2496
2404
2333
2272
2258
2256
2225
2212
2203
2199
2201
2192
2188
2198
2224
2236
2219
2179
2153
2151
2142
2139
2186
2237
2284
2349
2413
2465
2529
2577
2626
2698
2739
2744
2780
2812
2837
2862
2902
2931
2970
2979
3012
3002
2969
2964
2961
2960
2969
2965
2956
2965
2983
2988
3002
3011
3008
3004
2963
2942
2927
2917
2945
2943
2928
2935
2911
2909
2891
2892
2880
2875
2823
2783
2742
2716
2673
2688
2667
2633
2632
2605
2606
2543
2525
2497
2496
2466
2395
2378
2323
2304
2278
2277
2275
2286
2276
2289
2271
2260
2229
2215
2217
2192
2196
2171
2158
2176
2165
2165
2157
2175
2156
2117
2125
2108
2084
2064
1997
1991
1981
2024
2060
2147
2273
2443
2639
2783
2960
3045
3069
3018
2922
2898
2880
2828
2789
2813
2810
2752
2934
3168
3287
3567
3652
3793
3715
3508
3479
3474
3416
3462
3556
3530
3560
3638
3771
3953
4194
4502
4685
4714
4700
4608
4568
4503
4485
4510
4377
4199
3953
3806
3767
3736
3687
3629
3530
3405
3292
3156
3084
3058
3021
2935
2782
2650
2514
2443
2405
2414
2412
2449
2545
2658
2766
2820
2794
2781
2757
2822
2851
2844
2786
2652
2510
2401
2307
2262
2255
2274
2317
2371
2325
2252
2158
2136
2154
2145
2117
2024
1894
1803
1752
1718
1665
1654
1618
1640
1668
1692
1679
1623
1586
1549
1538
1544
1558
1570
1555
1489
1407
1331
1300
1277
1259
1256
1195
1101
1054
1002
975
924
838
761
686
618
577
531
518
493
489
485
484
451
424
490
970
1506
1769
1986
2176
2354
2478
2765
3020
3293
3716
3942
4205
4518
4588
4582
4590
4722
4804
4447
4548
4347
4206
4208
4282
4427
4636
4759
4755
4781
4726
4669
4510
4276
4105
3979
3862
3716
3591
3473
3319
3191
3067
3011
3014
2963
2924
2848
2761
2729
2671
2638
2547
2483
2454
2321
2177
2036
1906
1821
1756
1686
1623
1496
1431
1380
1329
1313
1268
1244
1171
1147
1128
1100
1062
1017
998
975
952
931
904
858
829
755
748
697
669
632
597
585
590
577
529
482
451
446
424
407
372
351
336
316
349
