0.000000
0.000000
0.000000
0.000000
0.000000
0.000000
0.000000
0.000000
0.000000
0.000000
0.000000
0.000000
0.000000
0.000000
0.000000
0.000000
0.000000
0.000000
0.000000
0.000000
0.000000
0.000000
0.000000
0.000000
0.000000
0.000000
0.000000
0.000000
0.000000
0.000000
0.000000
0.000000
0.000000
0.000000
0.000000
0.000000
0.000000
0.000000
0.000000
0.000000
0.000000
0.000000
0.000000
0.000000
0.000000
0.000000
0.000000
0.000000
0.000000
0.000000
0.000000
0.000000
0.000000
0.000000
0.000000
0.000000
0.000000
0.000000
0.000000
0.000000
0.000000
0.000000
0.000000
0.000000
0.000000
0.000000
0.000000
0.000000
0.000000
0.000000
0.000000
0.000000
0.000000
0.000000
0.000000
0.000000
0.000000
0.000000
0.000000
0.000000
0.000000
0.000000
0.000000
0.000000
0.000000
0.000000
0.000000
0.000000
0.000000
0.000000
0.000000
0.000000
0.000000
0.000000
0.000000
0.000000
0.000000
0.000000
0.000000
0.000000
0.000000
1.000000
0.000000
0.000000
0.000000
1.000000
0.000000
0.000000
0.000000
0.000000
0.000000
0.000000
0.000000
1.000000
0.000000
0.000000
0.000000
0.000000
0.000000
0.000000
0.000000
0.000000
0.000000
0.000000
0.000000
0.000000
1.000000
0.000000
0.000000
0.000000
0.000000
0.000000
1.000000
0.000000
0.000000
0.000000
0.000000
0.000000
0.000000
0.000000
0.000000
0.000000
0.000000
0.000000
0.000000
0.000000
0.000000
0.000000
0.000000
0.000000
0.000000
2.000000
35.000000
115.000000
336.000000
892.000000
1245.000000
1660.000000
2262.000000
3151.000000
4139.000000
4806.000000
5206.000000
5426.000000
5497.000000
5398.000000
5283.000000
5296.000000
5258.000000
5026.000000
4787.000000
4531.000000
4296.000000
4229.000000
4018.000000
3579.000000
3374.000000
3262.000000
3164.000000
2859.000000
2455.000000
2212.000000
2010.000000
1801.000000
1692.000000
1702.000000
1675.000000
1729.000000
1791.000000
1699.000000
1557.000000
1369.000000
1101.000000
1128.000000
1154.000000
1220.000000
1242.000000
1054.000000
939.000000
1086.000000
1186.000000
1151.000000
1148.000000
1071.000000
1036.000000
1061.000000
1268.000000
1340.000000
1370.000000
1338.000000
1473.000000
1733.000000
1966.000000
2047.000000
2149.000000
2308.000000
2545.000000
2743.000000
2828.000000
2846.000000
2935.000000
2980.000000
3034.000000
3017.000000
2483.000000
1853.000000
1526.000000
1207.000000
1103.000000
1010.000000
945.000000
826.000000
685.000000
494.000000
512.000000
429.000000
537.000000
551.000000
562.000000
628.000000
665.000000
690.000000
721.000000
746.000000
761.000000
812.000000
906.000000
1053.000000
1174.000000
1212.000000
1236.000000
1194.000000
1147.000000
1066.000000
996.000000
903.000000
883.000000
971.000000
1066.000000
1133.000000
1166.000000
1158.000000
1173.000000
1116.000000
1101.000000
1096.000000
953.000000
950.000000
974.000000
1043.000000
1070.000000
1297.000000
1408.000000
1401.000000
1313.000000
1102.000000
1038.000000
1080.000000
1088.000000
954.000000
804.000000
700.000000
552.000000
390.000000
260.000000
187.000000
168.000000
189.000000
183.000000
248.000000
355.000000
369.000000
396.000000
313.000000
393.000000
360.000000
412.000000
488.000000
463.000000
469.000000
497.000000
536.000000
559.000000
553.000000
615.000000
637.000000
631.000000
684.000000
673.000000
674.000000
687.000000
670.000000
661.000000
604.000000
430.000000
348.000000
262.000000
214.000000
167.000000
127.000000
77.000000
45.000000
54.000000
107.000000
135.000000
143.000000
84.000000
55.000000
70.000000
53.000000
50.000000
49.000000
66.000000
37.000000
28.000000
32.000000
23.000000
16.000000
28.000000
22.000000
19.000000
15.000000
31.000000
26.000000
34.000000
34.000000
25.000000
16.000000
14.000000
9.000000
8.000000
11.000000
13.000000
11.000000
9.000000
4.000000
5.000000
7.000000
13.000000
27.000000
55.000000
102.000000
150.000000
215.000000
240.000000
254.000000
265.000000
219.000000
188.000000
200.000000
258.000000
313.000000
338.000000
383.000000
394.000000
360.000000
375.000000
363.000000
327.000000
277.000000
256.000000
193.000000
148.000000
113.000000
73.000000
51.000000
72.000000
67.000000
65.000000
51.000000
77.000000
107.000000
121.000000
95.000000
53.000000
102.000000
159.000000
205.000000
260.000000
285.000000
262.000000
229.000000
212.000000
185.000000
133.000000
121.000000
162.000000
164.000000
146.000000
82.000000
32.000000
38.000000
54.000000
3.000000
2.000000
21.000000
82.000000
146.000000
213.000000
307.000000
311.000000
255.000000
183.000000
131.000000
83.000000
43.000000
19.000000
3.000000
1.000000
2.000000
13.000000
33.000000
60.000000
122.000000
193.000000
230.000000
254.000000
242.000000
212.000000
169.000000
114.000000
56.000000
11.000000
3.000000
1.000000
1.000000
16.000000
33.000000
63.000000
79.000000
91.000000
93.000000
128.000000
187.000000
200.000000
192.000000
172.000000
156.000000
107.000000
71.000000
45.000000
23.000000
16.000000
14.000000
23.000000
10.000000
2.000000
29.000000
60.000000
67.000000
42.000000
68.000000
145.000000
164.000000
146.000000
87.000000
90.000000
88.000000
92.000000
91.000000
90.000000
70.000000
72.000000
48.000000
18.000000
2.000000
0.000000
0.000000
0.000000
0.000000
0.000000
0.000000
0.000000
7.000000
14.000000
34.000000
45.000000
49.000000
65.000000
62.000000
68.000000
60.000000
46.000000
41.000000
38.000000
44.000000
42.000000
55.000000
62.000000
60.000000
68.000000
57.000000
68.000000
75.000000
84.000000
98.000000
95.000000
85.000000
51.000000
21.000000
6.000000
1.000000
1.000000
5.000000
8.000000
8.000000
12.000000
10.000000
13.000000
15.000000
23.000000
29.000000
48.000000
33.000000
37.000000
34.000000
36.000000
38.000000
33.000000
25.000000
32.000000
28.000000
23.000000
27.000000
37.000000
59.000000
93.000000
96.000000
106.000000
102.000000
70.000000
67.000000
168.000000
31.000000
25.000000
18.000000
16.000000
7.000000
4.000000
2.000000
0.000000
0.000000
0.000000
0.000000
0.000000
0.000000
0.000000
0.000000
0.000000
0.000000
0.000000
0.000000
0.000000
0.000000
0.000000
0.000000
0.000000
0.000000
0.000000
0.000000
0.000000
0.000000
0.000000
2.000000
1.000000
3.000000
1.000000
2.000000
2.000000
0.000000
0.000000
4.000000
0.000000
0.000000
0.000000
0.000000
0.000000
0.000000
0.000000
1.000000
0.000000
139.000000
6.000000
19.000000
7.000000
10.000000
20.000000
23.000000
24.000000
30.000000
41.000000
51.000000
57.000000
82.000000
87.000000
110.000000
104.000000
111.000000
106.000000
104.000000
111.000000
143.000000
138.000000
135.000000
112.000000
176.000000
248.000000
306.000000
364.000000
328.000000
346.000000
281.000000
211.000000
171.000000
188.000000
205.000000
216.000000
217.000000
214.000000
182.000000
240.000000
275.000000
324.000000
377.000000
422.000000
434.000000
351.000000
339.000000
304.000000
269.000000
247.000000
204.000000
159.000000
133.000000
90.000000
77.000000
63.000000
51.000000
31.000000
21.000000
2.000000
2.000000
8.000000
11.000000
20.000000
54.000000
55.000000
52.000000
55.000000
54.000000
38.000000
41.000000
49.000000
66.000000
61.000000
72.000000
58.000000
73.000000
70.000000
85.000000
115.000000
136.000000
147.000000
151.000000
154.000000
142.000000
120.000000
103.000000
71.000000
37.000000
19.000000
16.000000
16.000000
14.000000
19.000000
20.000000
20.000000
47.000000
42.000000
54.000000
49.000000
45.000000
28.000000
13.000000
23.000000
9.000000
12.000000
30.000000
51.000000
77.000000
99.000000
107.000000
151.000000
206.000000
240.000000
209.000000
203.000000
185.000000
211.000000
229.000000
293.000000
370.000000
372.000000
348.000000
336.000000
307.000000
290.000000
256.000000
224.000000
190.000000
139.000000
114.000000
116.000000
119.000000
131.000000
163.000000
184.000000
206.000000
204.000000
222.000000
217.000000
235.000000
258.000000
243.000000
258.000000
270.000000
241.000000
209.000000
207.000000
206.000000
189.000000
193.000000
186.000000
203.000000
192.000000
171.000000
185.000000
181.000000
165.000000
186.000000
213.000000
236.000000
229.000000
211.000000
181.000000
201.000000
184.000000
175.000000
153.000000
124.000000
80.000000
61.000000
79.000000
64.000000
62.000000
53.000000
61.000000
72.000000
69.000000
81.000000
89.000000
98.000000
108.000000
129.000000
117.000000
135.000000
142.000000
117.000000
126.000000
130.000000
116.000000
95.000000
83.000000
69.000000
52.000000
40.000000
32.000000
6.000000
7.000000
23.000000
36.000000
54.000000
60.000000
70.000000
77.000000
93.000000
109.000000
228.000000
299.000000
339.000000
369.000000
419.000000
438.000000
419.000000
374.000000
301.000000
244.000000
181.000000
153.000000
142.000000
144.000000
125.000000
101.000000
107.000000
114.000000
133.000000
161.000000
165.000000
176.000000
194.000000
176.000000
210.000000
213.000000
225.000000
230.000000
225.000000
217.000000
256.000000
221.000000
220.000000
219.000000
213.000000
215.000000
208.000000
221.000000
209.000000
211.000000
214.000000
218.000000
271.000000
279.000000
248.000000
129.000000
52.000000
89.000000
184.000000
215.000000
232.000000
224.000000
154.000000
132.000000
139.000000
169.000000
269.000000
352.000000
391.000000
392.000000
366.000000
335.000000
340.000000
356.000000
363.000000
335.000000
299.000000
286.000000
233.000000
222.000000
224.000000
199.000000
213.000000
214.000000
221.000000
280.000000
279.000000
243.000000
221.000000
140.000000
112.000000
86.000000
62.000000
59.000000
53.000000
43.000000
39.000000
34.000000
23.000000
20.000000
13.000000
8.000000
37.000000
14.000000
4.000000
5.000000
8.000000
13.000000
3.000000
4.000000
16.000000
119.000000
205.000000
291.000000
318.000000
253.000000
203.000000
105.000000
44.000000
21.000000
17.000000
12.000000
20.000000
20.000000
29.000000
21.000000
27.000000
34.000000
33.000000
34.000000
42.000000
47.000000
57.000000
49.000000
54.000000
73.000000
65.000000
63.000000
54.000000
47.000000
38.000000
28.000000
32.000000
28.000000
20.000000
8.000000
5.000000
2.000000
0.000000
1.000000
0.000000
0.000000
0.000000
2.000000
0.000000
0.000000
0.000000
0.000000
0.000000
0.000000
0.000000
0.000000
0.000000
0.000000
0.000000
0.000000
0.000000
0.000000
0.000000
0.000000
0.000000
0.000000
0.000000
0.000000
0.000000
0.000000
0.000000
0.000000
0.000000
1.000000
0.000000
1.000000
0.000000
0.000000
0.000000
0.000000
0.000000
4.000000
0.000000
0.000000
0.000000
1.000000
0.000000
0.000000
0.000000
4.000000
22.000000
17.000000
0.000000
5.000000
21.000000
34.000000
31.000000
34.000000
43.000000
21.000000
101.000000
249.000000
355.000000
647.000000
810.000000
894.000000
978.000000
1050.000000
1216.000000
1222.000000
930.000000
728.000000
520.000000
432.000000
509.000000
498.000000
443.000000
265.000000
138.000000
487.000000
638.000000
556.000000
377.000000
474.000000
673.000000
840.000000
885.000000
851.000000
699.000000
662.000000
604.000000
546.000000
473.000000
436.000000
410.000000
456.000000
450.000000
474.000000
444.000000
447.000000
420.000000
355.000000
294.000000
201.000000
141.000000
132.000000
77.000000
50.000000
75.000000
58.000000
26.000000
20.000000
17.000000
26.000000
60.000000
80.000000
111.000000
118.000000
126.000000
121.000000
98.000000
92.000000
110.000000
108.000000
85.000000
119.000000
140.000000
85.000000
60.000000
81.000000
63.000000
15.000000
37.000000
102.000000
207.000000
319.000000
384.000000
392.000000
336.000000
280.000000
194.000000
107.000000
91.000000
85.000000
36.000000
31.000000
37.000000
10.000000
30.000000
51.000000
15.000000
18.000000
24.000000
5.000000
1.000000
0.000000
0.000000
0.000000
4.000000
3.000000
0.000000
0.000000
0.000000
1.000000
1.000000
0.000000
0.000000
0.000000
2.000000
0.000000
0.000000
0.000000
0.000000
0.000000
0.000000
0.000000
0.000000
0.000000
0.000000
0.000000
0.000000
0.000000
0.000000
0.000000
0.000000
0.000000
0.000000
0.000000
0.000000
0.000000
0.000000
0.000000
3.000000
10.000000
22.000000
28.000000
14.000000
10.000000
23.000000
18.000000
20.000000
22.000000
0.000000
0.000000
4.000000
3.000000
0.000000
1.000000
0.000000
0.000000
0.000000
0.000000
0.000000
1.000000
2.000000
4.000000
0.000000
0.000000
1.000000
0.000000
0.000000
0.000000
0.000000
0.000000
0.000000
1.000000
0.000000
0.000000
9.000000
42.000000
59.000000
60.000000
46.000000
27.000000
33.000000
81.000000
7.000000
3.000000
1.000000
1.000000
3.000000
1.000000
3.000000
0.000000
22.000000
49.000000
55.000000
1.000000
1.000000
0.000000
0.000000
6.000000
0.000000
0.000000
1.000000
1.000000
0.000000
1.000000
0.000000
1.000000
1.000000
1.000000
1.000000
1.000000
7.000000
11.000000
43.000000
181.000000
312.000000
331.000000
282.000000
220.000000
191.000000
180.000000
157.000000
189.000000
209.000000
230.000000
216.000000
226.000000
197.000000
221.000000
245.000000
258.000000
249.000000
251.000000
211.000000
216.000000
189.000000
178.000000
163.000000
172.000000
131.000000
121.000000
122.000000
123.000000
105.000000
98.000000
86.000000
67.000000
61.000000
63.000000
37.000000
17.000000
11.000000
2.000000
0.000000
0.000000
0.000000
0.000000
0.000000
0.000000
0.000000
0.000000
0.000000
0.000000
0.000000
0.000000
178.000000
39.000000
7.000000
8.000000
7.000000
9.000000
23.000000
39.000000
69.000000
109.000000
144.000000
162.000000
141.000000
153.000000
153.000000
134.000000
123.000000
109.000000
76.000000
48.000000
36.000000
6.000000
2.000000
0.000000
2.000000
2.000000
1.000000
1.000000
2.000000
4.000000
1.000000
1.000000
3.000000
4.000000
2.000000
2.000000
2.000000
66.000000
2.000000
472.000000
285.000000
350.000000
171.000000
42.000000
2.000000
146.000000
352.000000
165.000000
141.000000
132.000000
84.000000
58.000000
2.000000
1.000000
0.000000
0.000000
0.000000
0.000000
0.000000
5.000000
0.000000
0.000000
0.000000
6.000000
0.000000
0.000000
0.000000
5.000000
3.000000
0.000000
1.000000
0.000000
0.000000
0.000000
1.000000
1.000000
2.000000
7.000000
1.000000
3.000000
0.000000
4.000000
0.000000
1.000000
1.000000
1.000000
1.000000
1.000000
3.000000
5.000000
13.000000
14.000000
7.000000
4.000000
3.000000
5.000000
1.000000
1.000000
0.000000
1.000000
0.000000
0.000000
1.000000
3.000000
0.000000
0.000000
0.000000
1.000000
9.000000
3.000000
0.000000
9.000000
0.000000
2.000000
0.000000
3.000000
0.000000
4.000000
0.000000
2.000000
0.000000
3.000000
0.000000
13.000000
5.000000
14.000000
21.000000
1.000000
3.000000
0.000000
6.000000
0.000000
4.000000
0.000000
1.000000
0.000000
3.000000
0.000000
2.000000
0.000000
5.000000
0.000000
0.000000
0.000000
6.000000
0.000000
4.000000
0.000000
6.000000
0.000000
7.000000
0.000000
0.000000
5.000000
0.000000
5.000000
0.000000
5.000000
0.000000
4.000000
0.000000
0.000000
5.000000
3.000000
5.000000
0.000000
5.000000
60.000000
153.000000
232.000000
264.000000
253.000000
248.000000
224.000000
204.000000
164.000000
165.000000
142.000000
124.000000
105.000000
102.000000
95.000000
100.000000
93.000000
92.000000
88.000000
77.000000
96.000000
92.000000
91.000000
91.000000
85.000000
115.000000
127.000000
197.000000
304.000000
377.000000
433.000000
457.000000
505.000000
544.000000
571.000000
603.000000
629.000000
636.000000
656.000000
709.000000
768.000000
771.000000
743.000000
640.000000
599.000000
508.000000
377.000000
255.000000
187.000000
272.000000
336.000000
390.000000
417.000000
429.000000
457.000000
551.000000
596.000000
605.000000
612.000000
663.000000
653.000000
676.000000
709.000000
733.000000
761.000000
741.000000
779.000000
806.000000
839.000000
739.000000
687.000000
627.000000
578.000000
501.000000
350.000000
345.000000
328.000000
279.000000
275.000000
280.000000
248.000000
245.000000
227.000000
237.000000
287.000000
320.000000
320.000000
343.000000
319.000000
298.000000
396.000000
509.000000
567.000000
612.000000
557.000000
492.000000
439.000000
397.000000
331.000000
323.000000
306.000000
297.000000
286.000000
281.000000
263.000000
253.000000
228.000000
251.000000
230.000000
250.000000
278.000000
290.000000
314.000000
319.000000
299.000000
295.000000
252.000000
203.000000
165.000000
103.000000
54.000000
9.000000
1.000000
0.000000
16.000000
19.000000
52.000000
88.000000
165.000000
198.000000
173.000000
163.000000
152.000000
126.000000
127.000000
149.000000
118.000000
62.000000
56.000000
40.000000
55.000000
39.000000
34.000000
59.000000
102.000000
203.000000
277.000000
337.000000
350.000000
354.000000
328.000000
328.000000
307.000000
279.000000
245.000000
239.000000
249.000000
254.000000
240.000000
214.000000
201.000000
255.000000
284.000000
315.000000
316.000000
321.000000
332.000000
370.000000
376.000000
375.000000
314.000000
243.000000
218.000000
165.000000
153.000000
120.000000
89.000000
79.000000
39.000000
11.000000
16.000000
23.000000
71.000000
81.000000
129.000000
141.000000
222.000000
235.000000
309.000000
379.000000
415.000000
440.000000
505.000000
527.000000
585.000000
582.000000
594.000000
597.000000
568.000000
564.000000
552.000000
523.000000
470.000000
436.000000
408.000000
361.000000
345.000000
297.000000
252.000000
217.000000
188.000000
162.000000
142.000000
96.000000
53.000000
14.000000
5.000000
27.000000
46.000000
69.000000
83.000000
95.000000
105.000000
106.000000
122.000000
111.000000
134.000000
118.000000
107.000000
99.000000
93.000000
89.000000
88.000000
96.000000
108.000000
115.000000
137.000000
156.000000
169.000000
180.000000
200.000000
220.000000
224.000000
222.000000
236.000000
253.000000
221.000000
213.000000
207.000000
186.000000
180.000000
147.000000
129.000000
105.000000
75.000000
47.000000
9.000000
1.000000
0.000000
0.000000
0.000000
0.000000
2.000000
1.000000
4.000000
18.000000
27.000000
38.000000
39.000000
46.000000
43.000000
39.000000
43.000000
55.000000
44.000000
45.000000
42.000000
45.000000
40.000000
33.000000
33.000000
25.000000
19.000000
7.000000
2.000000
0.000000
0.000000
0.000000
1.000000
0.000000
1.000000
0.000000
0.000000
0.000000
10.000000
24.000000
45.000000
57.000000
74.000000
89.000000
115.000000
129.000000
155.000000
162.000000
189.000000
214.000000
229.000000
218.000000
215.000000
201.000000
187.000000
171.000000
176.000000
144.000000
131.000000
108.000000
90.000000
64.000000
35.000000
13.000000
0.000000
0.000000
2.000000
4.000000
22.000000
46.000000
71.000000
79.000000
100.000000
91.000000
105.000000
100.000000
96.000000
110.000000
101.000000
105.000000
103.000000
106.000000
108.000000
125.000000
121.000000
129.000000
164.000000
171.000000
197.000000
194.000000
216.000000
223.000000
203.000000
196.000000
195.000000
196.000000
187.000000
179.000000
170.000000
168.000000
149.000000
139.000000
135.000000
121.000000
128.000000
106.000000
100.000000
85.000000
65.000000
61.000000
30.000000
8.000000
3.000000
2.000000
3.000000
3.000000
2.000000
15.000000
31.000000
48.000000
52.000000
67.000000
90.000000
100.000000
111.000000
136.000000
145.000000
161.000000
180.000000
202.000000
220.000000
242.000000
244.000000
270.000000
263.000000
272.000000
299.000000
264.000000
267.000000
238.000000
226.000000
217.000000
199.000000
184.000000
178.000000
154.000000
149.000000
126.000000
98.000000
57.000000
25.000000
6.000000
9.000000
4.000000
2.000000
1.000000
3.000000
3.000000
13.000000
50.000000
70.000000
104.000000
120.000000
122.000000
143.000000
151.000000
163.000000
159.000000
183.000000
190.000000
195.000000
206.000000
197.000000
204.000000
189.000000
177.000000
166.000000
156.000000
145.000000
138.000000
126.000000
112.000000
100.000000
100.000000
79.000000
76.000000
69.000000
60.000000
57.000000
58.000000
40.000000
28.000000
21.000000
10.000000
6.000000
0.000000
0.000000
0.000000
0.000000
2.000000
0.000000
1.000000
0.000000
2.000000
0.000000
0.000000
4.000000
0.000000
0.000000
1.000000
0.000000
0.000000
2.000000
0.000000
0.000000
0.000000
1.000000
0.000000
0.000000
0.000000
0.000000
0.000000
0.000000
0.000000
0.000000
0.000000
0.000000
0.000000
0.000000
0.000000
0.000000
0.000000
0.000000
0.000000
0.000000
0.000000
0.000000
0.000000
0.000000
0.000000
0.000000
0.000000
0.000000
0.000000
0.000000
0.000000
0.000000
0.000000
0.000000
0.000000
0.000000
0.000000
0.000000
0.000000
0.000000
0.000000
0.000000
0.000000
0.000000
0.000000
0.000000
0.000000
0.000000
0.000000
0.000000
0.000000
0.000000
0.000000
0.000000
0.000000
0.000000
0.000000
0.000000
0.000000
0.000000
0.000000
2.000000
0.000000
1.000000
0.000000
2.000000
0.000000
2.000000
0.000000
2.000000
0.000000
0.000000
0.000000
1.000000
1.000000
0.000000
0.000000
0.000000
0.000000
0.000000
0.000000
0.000000
0.000000
0.000000
0.000000
0.000000
0.000000
0.000000
2.000000
0.000000
0.000000
0.000000
0.000000
4.000000
0.000000
1.000000
0.000000
0.000000
0.000000
1.000000
0.000000
0.000000
0.000000
0.000000
0.000000
0.000000
0.000000
0.000000
0.000000
0.000000
0.000000
0.000000
0.000000
0.000000
0.000000
0.000000
0.000000
0.000000
1.000000
0.000000
0.000000
0.000000
0.000000
0.000000
0.000000
0.000000
0.000000
2.000000
0.000000
5.000000
3.000000
0.000000
0.000000
3.000000
0.000000
11.000000
0.000000
0.000000
0.000000
9.000000
0.000000
9.000000
0.000000
9.000000
0.000000
5.000000
0.000000
4.000000
0.000000
0.000000
0.000000
9.000000
0.000000
1.000000
0.000000
1.000000
0.000000
6.000000
0.000000
3.000000
0.000000
0.000000
5.000000
0.000000
2.000000
0.000000
1.000000
5.000000
0.000000
1.000000
0.000000
3.000000
0.000000
2.000000
4.000000
4.000000
0.000000
17.000000
4.000000
0.000000
0.000000
2.000000
0.000000
7.000000
0.000000
0.000000
0.000000
7.000000
0.000000
0.000000
0.000000
1.000000
3.000000
3.000000
0.000000
3.000000
0.000000
5.000000
0.000000
5.000000
0.000000
5.000000
1.000000
3.000000
2.000000
0.000000
3.000000
0.000000
10.000000
0.000000
12.000000
0.000000
9.000000
0.000000
8.000000
5.000000
2.000000
9.000000
9.000000
0.000000
11.000000
1.000000
7.000000
1.000000
7.000000
10.000000
0.000000
8.000000
0.000000
11.000000
0.000000
12.000000
0.000000
1.000000
2.000000
13.000000
0.000000
4.000000
5.000000
0.000000
7.000000
0.000000
0.000000
13.000000
0.000000
9.000000
0.000000
8.000000
0.000000
0.000000
1.000000
14.000000
1.000000
7.000000
0.000000
5.000000
1.000000
0.000000
1.000000
1.000000
0.000000
1.000000
1.000000
0.000000
0.000000
0.000000
0.000000
1.000000
0.000000
0.000000
0.000000
0.000000
0.000000
0.000000
2.000000
1.000000
0.000000
0.000000
1.000000
0.000000
0.000000
0.000000
0.000000
0.000000
0.000000
0.000000
0.000000
0.000000
0.000000
0.000000
0.000000
0.000000
0.000000
0.000000
0.000000
0.000000
0.000000
0.000000
0.000000
0.000000
0.000000
0.000000
0.000000
0.000000
0.000000
0.000000
0.000000
0.000000
0.000000
0.000000
0.000000
0.000000
2.000000
4.000000
3.000000
7.000000
8.000000
6.000000
8.000000
16.000000
12.000000
21.000000
28.000000
32.000000
41.000000
55.000000
68.000000
71.000000
88.000000
102.000000
114.000000
145.000000
176.000000
197.000000
230.000000
229.000000
270.000000
303.000000
321.000000
320.000000
362.000000
345.000000
338.000000
332.000000
290.000000
268.000000
237.000000
189.000000
171.000000
114.000000
110.000000
94.000000
60.000000
37.000000
28.000000
22.000000
0.000000
0.000000
0.000000
0.000000
0.000000
1.000000
12.000000
12.000000
21.000000
16.000000
29.000000
35.000000
32.000000
47.000000
59.000000
62.000000
76.000000
85.000000
96.000000
106.000000
119.000000
123.000000
141.000000
143.000000
163.000000
178.000000
195.000000
204.000000
239.000000
275.000000
308.000000
343.000000
377.000000
377.000000
425.000000
440.000000
465.000000
512.000000
504.000000
557.000000
601.000000
628.000000
653.000000
676.000000
726.000000
745.000000
766.000000
767.000000
776.000000
799.000000
733.000000
760.000000
862.000000
1012.000000
1016.000000
1012.000000
995.000000
992.000000
974.000000
874.000000
757.000000
622.000000
360.000000
139.000000
101.000000
179.000000
301.000000
347.000000
488.000000
630.000000
783.000000
771.000000
933.000000
1092.000000
1302.000000
1407.000000
1465.000000
1445.000000
1435.000000
1417.000000
1388.000000
1292.000000
1227.000000
1181.000000
1120.000000
1111.000000
1042.000000
1019.000000
1030.000000
1038.000000
1031.000000
1050.000000
1124.000000
1209.000000
1254.000000
1321.000000
1343.000000
1382.000000
1422.000000
1522.000000
1654.000000
1844.000000
2058.000000
2290.000000
2465.000000
2468.000000
2483.000000
2377.000000
2477.000000
2804.000000
3014.000000
3163.000000
3368.000000
3624.000000
3864.000000
3966.000000
4098.000000
4141.000000
4196.000000
4333.000000
4385.000000
4505.000000
4683.000000
4814.000000
5023.000000
5197.000000
5181.000000
4903.000000
4507.000000
4014.000000
3319.000000
2438.000000
1626.000000
975.000000
446.000000
396.000000
256.000000
32.000000
15.000000
11.000000
0.000000
0.000000
3.000000
3.000000
4.000000
1.000000
1.000000
3.000000
0.000000
0.000000
1.000000
2.000000
0.000000
0.000000
0.000000
0.000000
2.000000
0.000000
2.000000
0.000000
0.000000
0.000000
0.000000
1.000000
0.000000
3.000000
2.000000
5.000000
2.000000
2.000000
3.000000
3.000000
2.000000
3.000000
6.000000
2.000000
7.000000
4.000000
3.000000
3.000000
5.000000
4.000000
3.000000
4.000000
1.000000
0.000000
7.000000
2.000000
0.000000
7.000000
0.000000
12.000000
1.000000
2.000000
0.000000
5.000000
0.000000
0.000000
0.000000
4.000000
1.000000
2.000000
4.000000
2.000000
4.000000
3.000000
4.000000
0.000000
0.000000
4.000000
2.000000
0.000000
4.000000
1.000000
0.000000
0.000000
4.000000
0.000000
4.000000
0.000000
4.000000
0.000000
6.000000
0.000000
8.000000
0.000000
5.000000
2.000000
1.000000
2.000000
0.000000
0.000000
0.000000
3.000000
0.000000
0.000000
0.000000
0.000000
1.000000
0.000000
0.000000
0.000000
0.000000
0.000000
0.000000
0.000000
0.000000
0.000000
0.000000
0.000000
0.000000
0.000000
0.000000
1.000000
0.000000
0.000000
0.000000
0.000000
