0
0
0
0
0
0
0
0
0
0
0
0
0
0
0
0
0
0
0
0
0
0
0
0
0
0
0
0
0
0
0
0
0
0
0
0
0
0
0
0
0
0
0
0
0
0
0
0
0
0
0
0
0
0
0
0
0
0
0
0
0
0
0
0
0
0
0
0
0
0
0
0
0
0
0
0
0
0
0
0
0
0
0
0
0
0
0
0
0
0
0
0
0
0
0
0
0
0
0
0
0
0
0
0
0
0
0
0
0
0
0
0
0
0
0
0
0
0
0
0
0
0
0
0
0
0
0
0
0
0
0
0
0
0
0
0
0
0
0
0
0
0
0
0
0
0
0
0
0
0
0
0
0
0
4
5
427
1017
1583
2245
2969
3527
4097
4587
4862
4955
5150
5088
5091
5076
5101
5033
5228
5511
5623
5765
6002
6141
6324
6505
6792
6939
6981
6961
6885
6805
6830
6771
6684
6746
6861
6880
6913
6946
6919
7016
7072
7041
7083
7003
7031
7092
7197
7275
7254
7186
7186
7161
7146
6987
6877
6807
6812
6740
6765
6752
6730
6713
6893
6893
6903
6968
6985
6871
6838
6769
6657
6528
6329
6136
6106
5951
5921
5844
5901
5940
5969
6022
6089
6044
6015
5969
5944
5876
5804
5750
5650
5523
5249
5008
4791
4488
4179
4034
3909
3802
3764
3646
3500
3423
3275
3255
3223
3143
3037
3116
3170
3288
3399
3470
3546
3552
3603
3658
3714
3743
3761
3810
3883
3923
3948
4001
4078
4155
4226
4255
4281
4262
4253
4244
4244
4248
4253
4162
4112
4086
4036
3920
3932
3941
3959
3940
3948
3966
3914
3928
3978
3935
3947
3915
3939
3931
3887
3932
3950
3919
3902
3877
3850
3816
3811
3823
3803
3810
3796
3798
3795
3780
3724
3725
3720
3747
3722
3731
3718
3697
3675
3673
3668
3690
3674
3689
3682
3703
3709
3722
3715
3739
3737
3734
3724
3727
3741
3750
3751
3753
3745
3745
3727
3738
3733
3752
3753
3805
3840
3896
3953
3971
3983
3955
3987
4025
4008
4013
4021
4061
4069
4040
4025
4043
4052
4046
4037
4020
4043
4039
4018
4010
3993
3976
3997
3994
4002
4007
4011
4014
4002
3981
3980
3995
3981
3959
3984
3975
4003
4026
4042
4029
4014
3998
3991
3980
3989
3983
3994
3991
3996
3988
4004
4030
4039
4081
4112
4120
4124
4108
4106
4075
4082
4072
4079
4087
4110
4106
4107
4090
4083
4102
4100
4110
4103
4109
4110
4106
4100
4085
4097
4107
4096
4075
4070
4044
4036
4020
3976
3918
3904
3863
3875
3860
3866
3847
3845
3830
3836
3838
3844
3857
3856
3863
3855
3853
3846
3849
3816
3819
3799
3787
3781
3764
3753
3742
3717
3734
3741
3741
3733
3741
3718
3724
3693
3720
3711
3710
3687
3722
3728
3747
3745
3734
3778
3805
3806
3792
3783
3784
3780
3784
3780
3816
3812
3811
3806
3811
3808
3819
3797
3825
3845
3873
3860
3878
3874
3884
3869
3871
3859
3843
3827
3831
3812
3817
3755
3746
3724
3704
3661
3673
3644
3631
3596
3608
3587
3585
3577
3588
3588
3561
3549
3559
3567
3556
3540
3564
3569
3583
3563
3566
3571
3571
3552
3560
3568
3572
3555
3564
3564
3567
3563
3569
3569
3572
3570
3571
3566
3566
3559
3570
3562
3563
3544
3560
3564
3560
3553
3580
3580
3595
3593
3633
3635
3649
3645
3647
3650
3662
3662
3667
3661
3661
3653
3660
3663
3660
3655
3659
3657
3654
3623
3658
3652
3658
3637
3647
3644
3640
3614
3663
3638
3672
3651
3691
3693
3675
3685
3730
3745
3789
3830
3924
3974
4064
4120
4169
4179
4253
4315
4370
4400
4440
4459
4466
4450
4440
4413
4369
4337
4351
4314
4323
4291
4294
4279
4296
4254
4227
4213
4220
4205
4217
4205
4207
4158
4128
4124
4124
4088
4142
4088
4094
4088
4099
4109
4122
4115
4132
4130
4182
4173
4208
4197
4231
4210
4213
4215
4261
4247
4267
4246
4254
4222
4244
4224
4263
4270
4241
4224
4251
4252
4263
4257
4288
4275
4275
4264
4288
4263
4272
4251
4263
4264
4255
4253
4234
4214
4231
4216
4261
4252
4271
4273
4300
4308
4290
4269
4260
4217
4255
4244
4258
4218
4212
4178
4165
4141
4143
4102
4095
4057
4052
4026
4031
3992
3990
3967
3952
3935
3915
3904
3890
3877
3902
3874
3900
3890
3899
3868
3887
3848
3891
3865
3895
3908
3915
3910
3885
3846
3853
3841
3837
3809
3836
3828
3830
3810
3839
3819
3818
3795
3825
3826
3836
3842
3845
3853
3853
3869
3896
3895
3911
3907
3926
3913
3946
3938
3957
3953
3962
3937
3930
3898
3890
3867
3889
3863
3845
3819
3819
3802
3804
3807
3812
3834
3781
3788
3809
3765
3760
3729
3771
3776
3810
3795
3805
3790
3850
3865
3861
3879
3924
3939
3974
4007
4109
4139
4171
4190
4219
4255
4277
4274
4286
4254
4253
4243
4219
4199
4180
4126
4088
4056
4036
4004
3972
3942
3962
3983
4006
4012
4015
4013
4025
4045
4095
4086
4162
4217
4233
4251
4265
4266
4251
4209
4192
4149
4143
4115
4102
4096
4089
4078
4083
4081
4053
4051
4059
4023
4031
4005
4029
4032
3999
3985
3987
3988
3983
3994
4008
3997
3995
3985
3970
3947
3933
3908
3904
3885
3878
3864
3866
3875
3932
3958
3998
3969
4011
3980
3969
3939
3945
3962
3938
3932
3914
3955
3961
3969
3966
4005
4016
4041
4011
4024
4023
4038
4019
4061
4063
4068
4075
4088
4115
4138
4132
4160
4169
4182
4170
4179
4159
4163
4157
4157
4153
4156
4148
4148
4145
4150
4131
4136
4131
4129
4123
4143
4137
4136
4125
4137
4139
4144
4127
4143
4139
4140
4133
4136
4129
4130
4114
4122
4122
4121
4108
4116
4116
4116
4116
4111
4113
4111
4110
4122
4114
4113
4099
4103
4105
4101
4094
4105
4097
4096
4092
4107
4147
4168
4152
4111
3996
3933
4032
4063
4118
4157
4185
4170
4135
4068
3971
3938
3947
3931
3954
4018
4079
4066
4050
3996
3892
3850
3812
3783
3777
3733
3729
3810
3831
3886
3938
3961
3983
3997
4012
4036
4038
3989
3976
3956
3923
3903
3935
3927
3907
3909
3932
3909
3917
3908
3927
3915
3923
3895
3898
3876
3870
3866
3870
3855
3851
3805
3808
3792
3806
3799
3805
3795
3804
3801
3896
3944
4000
4014
3997
4047
4045
4076
4035
4032
4051
4018
4029
4023
4039
4035
4039
3993
4031
4020
4033
4007
3994
4015
3985
3999
3977
3988
3976
3988
3974
3993
3997
4001
3994
4004
4005
4008
3993
4000
4007
4004
3997
4013
4002
4013
4009
4037
4033
4048
4028
4033
4035
4037
4023
4052
4037
4037
3991
4018
4022
4034
4017
4070
4062
4056
4025
4070
4073
4091
4073
4092
4075
4082
4069
4071
4067
4070
4066
4078
4058
4061
4036
4058
4047
4058
4044
4046
4038
4027
4011
4024
4023
4032
4020
4009
4022
4064
4067
4074
4057
4082
4075
4077
4049
4058
4044
4047
4030
4046
4044
4025
4012
4021
4018
4008
3997
4013
4009
4011
4013
4020
4020
4023
4011
4022
4024
4027
4027
4030
4045
4035
4017
3998
3981
3971
3903
3864
3855
3862
3860
3841
3847
3863
3888
3896
3868
3869
3905
3936
3940
3958
3980
3986
4019
4028
4082
4098
4121
4088
4124
4123
4110
4103
4116
4101
4103
4085
4092
4096
4090
4094
4108
4117
4115
4101
4103
4103
4103
4103
4118
4112
4113
4092
4113
4106
4097
4073
4080
4066
4061
4042
4059
4054
4057
4040
4057
4044
4025
3999
4018
4012
4028
3998
3993
3955
3955
3955
3975
3977
3995
3986
4003
3980
3985
3964
3958
3957
3958
3952
3978
3980
4014
4048
4099
4226
4237
4229
4244
4250
4300
4359
4380
4371
4417
4390
4386
4370
4398
4386
4392
4389
4408
4398
4400
4383
4395
4387
4394
4388
4392
4384
4393
4381
4385
4378
4377
4371
4379
4366
4366
4361
4386
4386
4409
4393
4403
4388
4384
4361
4365
4352
4352
4330
4354
4348
4351
4344
4358
4351
4357
4352
4357
4357
4358
4339
4350
4336
4345
4337
4342
4344
4346
4346
4350
4349
4349
4344
4357
4352
4340
4335
4349
4337
4341
4322
4358
4380
4407
4408
4423
4401
4406
4388
4401
4399
4396
4380
4388
4384
4386
4384
4391
4371
4378
4358
4380
4375
4374
4364
4377
4366
4366
4357
4372
4374
4376
4362
4373
4365
4366
4365
4367
4367
4369
4369
4371
4370
4373
4371
4377
4407
4484
4518
4539
4551
4555
4547
4557
4537
4525
4495
4494
4477
4482
4457
4452
4433
4431
4402
4421
4402
4401
4361
4371
4403
4422
4418
4468
4520
4565
4596
4634
4725
4749
4804
4825
4848
4843
4888
4948
4983
5006
5010
5023
5031
5063
5037
5021
5004
5004
4970
4931
4903
4908
4886
4852
4910
4944
4977
4953
4947
4926
4939
4982
4986
4990
4889
4881
4820
4756
4721
4657
4628
4652
4619
4593
4544
4520
4466
4443
4400
4356
4297
4267
4220
4197
4143
4108
4105
4101
4121
4132
4205
4267
4219
4261
4270
4306
4368
4398
4451
4508
4543
4571
4606
4595
4646
4648
4675
4656
4712
4714
4774
4812
4841
4858
4871
4893
4931
4940
4949
4950
4986
4982
4987
4974
4998
5001
4962
4982
4980
4943
4924
4891
4908
4876
4869
4847
4849
4845
4820
4788
4779
4755
4720
4644
4598
4579
4542
4462
4441
4386
4399
4354
4370
4329
4325
4272
4258
4270
4278
4275
4299
4271
4306
4335
4394
4445
4492
4499
4580
4597
4612
4623
4627
4620
4653
4669
4647
4644
4657
4665
4644
4611
4608
4571
4579
4562
4572
4515
4493
4448
4404
4392
4338
4312
4344
4345
4335
4325
4281
4276
4304
4321
4318
4316
4298
4305
4280
4277
4279
4291
4281
4315
4323
4326
4331
4361
4371
4362
4358
4374
4396
4401
4394
4409
4394
4402
4396
4420
4396
4401
4383
4402
4395
4405
4393
4413
4421
4414
4401
4415
4409
4410
4405
4433
4413
4413
4387
4435
4418
4418
4418
4442
4431
4434
4413
4417
4415
4414
4397
4416
4411
4415
4401
4448
4446
4444
4428
4455
4445
4451
4417
4452
4463
4480
4466
4484
4475
4487
4483
4478
4510
4509
4513
4502
4509
4513
4526
4527
4540
4536
4537
4524
4533
4521
4508
4479
4479
4458
4437
4397
4441
4405
4387
4358
4349
4309
4315
4285
4287
4255
4243
4217
4230
4226
4216
4187
4178
4177
4158
4172
4176
4181
4175
4206
4209
4201
4181
4212
4210
4229
4215
4224
4212
4225
4238
4262
4271
4290
4272
4291
4284
4314
4313
4331
4313
4313
4312
4334
4342
4358
4357
4379
4422
4414
4418
4437
4422
4410
4414
4455
4463
4458
4452
4469
4470
4473
4453
4461
4457
4454
4439
4450
4443
4436
4433
4442
4427
4425
4408
4449
4416
4392
4390
4427
4426
4408
4400
4394
4364
4352
4332
4335
4292
4319
4314
4342
4315
4319
4309
4321
4310
4320
4314
4282
4289
4300
4328
4309
4307
4309
4309
4299
4308
4294
4304
4283
4302
4309
4317
4307
4343
4322
4348
4329
4356
4314
4346
4334
4366
4389
4409
4393
4411
4416
4422
4421
4454
4441
4463
4442
4481
4466
4487
4470
4494
4485
4482
4472
4521
4521
4520
4516
4556
4553
4560
4548
4574
4564
4565
4551
4564
4560
4567
4564
4564
4549
4556
4550
4560
4552
4560
4553
4559
4557
4560
4559
4567
4566
4568
4561
4562
4563
4560
4548
4550
4549
4550
4551
4559
4561
4564
4555
4558
4561
4561
4558
4557
4560
4559
4558
4554
4553
4552
4550
4561
4557
4558
4555
4557
4553
4554
4552
4553
4553
4552
4552
4560
4558
4559
4550
4558
4552
4554
4548
4550
4549
4550
4535
4542
4540
4542
4535
4562
4559
4559
4553
4559
4553
4557
4543
4549
4557
4558
4557
4558
4558
4552
4530
4537
4546
4547
4545
4553
4546
4545
4531
4552
4552
4553
4541
4541
4545
4540
4530
4534
4530
4531
4531
4503
4507
4498
4502
4492
4501
4501
4500
4501
4504
4504
4504
4502
4506
4503
4502
4495
4498
4498
4499
4499
4501
4499
4499
4500
4503
4496
4501
4495
4505
4508
4503
4501
4502
4500
4501
4495
4506
4505
4505
4504
4522
4522
4535
4534
4539
4518
4516
4495
4503
4505
4507
4506
4504
4507
4507
4505
4506
4508
4508
4506
4505
4508
4510
4507
4507
4513
4514
4509
4508
4506
4504
4482
4530
4546
4550
4547
4552
4545
4547
4518
4537
4535
4551
4538
4541
4540
4539
4533
4548
4548
4549
4551
4557
4559
4564
4558
4560
4554
4557
4550
4569
4567
4578
4573
4586
4586
4581
4569
4574
4580
4582
4574
4577
4568
4569
4571
4579
4579
4580
4574
4571
4563
4565
4555
4551
4553
4554
4555
4558
4551
4550
4550
4564
4562
4562
4564
4580
4577
4577
4563
4567
4566
4565
4560
4569
4573
4579
4578
4585
4586
4584
4569
4575
4574
4572
4572
4569
4570
4569
4568
4572
4570
4570
4569
4568
4565
4565
4560
4561
4563
4563
4557
4573
4570
4570
4553
4557
4562
4555
4542
4550
4548
4542
4539
4552
4544
4544
4539
4536
4534
4529
4528
4528
4520
4521
4506
4518
4513
4515
4502
4515
4512
4520
4520
4525
4526
4524
4519
4528
4530
4534
4509
4527
4515
4511
4496
4513
4506
4506
4497
4521
4497
4513
4500
4525
4534
4543
4537
4557
4552
4552
4545
4559
4543
4547
4537
4546
4523
4547
4547
4584
4555
4621
4630
4692
4685
4682
4687
4684
4760
4786
4775
4778
4784
4802
4799
4810
4801
4795
4789
4791
4787
4807
4802
4806
4801
4815
4805
4804
4788
4803
4783
4773
4777
4807
4814
4825
4788
4817
4817
4786
4772
4778
4780
4785
4796
4809
4754
4808
4775
4752
4747
4761
4780
4772
4755
4708
4688
4615
4569
4569
4528
4496
4416
4284
4146
4085
4023
4034
4078
4110
4116
4058
3972
3861
3675
3517
3454
3416
3369
3333
3284
3268
3250
3236
3216
3231
3262
3277
3338
3254
3265
3205
3133
3086
3042
3065
3072
3124
3115
3175
3208
3252
3380
3421
3570
3702
3860
4039
4244
4499
4657
4885
5025
5150
5283
5357
5365
5245
4892
4626
4452
4299
4252
4344
4489
4649
4756
4738
4806
4940
4981
5117
5252
5405
5468
5415
5052
5000
5062
5371
5434
5035
4360
3701
2693
1556
993
751
649
608
581
581
581
578
577
577
576
574
574
573
572
572
572
571
573
570
570
572
573
573
572
570
570
570
571
571
572
571
571
573
573
573
573
574
571
574
573
574
575
577
578
578
578
579
581
583
581
580
579
579
579
576
574
575
576
576
577
576
575
576
575
574
574
573
574
575
573
573
572
572
573
573
570
568
570
571
573
572
572
571
573
573
570
570
571
571
570
570
570
571
571
571
571
571
570
570
571
571
571
571
571
571
570
568
569
569
569
569
562
562
562
562
562
562
562
562
562
562
562
562
562
562
